public/data/weather/current/current-wind-surface-level-gfs-1.0.json
{"header": {"discipline":0,"disciplineName":"Meteorological products","gribEdition":2,"gribLength":131858,"center":7,"centerName":"US National Weather Service - NCEP(WMC)","subcenter":0,"refTime":"2014-01-31T00:00:00.000Z","significanceOfRT":1,"significanceOfRTName":"Start of forecast","productStatus":0,"productStatusName":"Operational products","productType":1,"productTypeName":"Forecast products","productDefinitionTemplate":0,"productDefinitionTemplateName":"Analysis/forecast at horizontal level/layer at a point in time","parameterCategory":2,"parameterCategoryName":"Momentum","parameterNumber":2,"parameterNumberName":"U-component_of_wind","parameterUnit":"m.s-1","genProcessType":2,"genProcessTypeName":"Forecast","forecastTime":3,"surface1Type":103,"surface1TypeName":"Specified height level above ground","surface1Value":10,"surface2Type":255,"surface2TypeName":"Missing","surface2Value":0,"gridDefinitionTemplate":0,"gridDefinitionTemplateName":"Latitude_Longitude","numberPoints":65160,"shape":6,"shapeName":"Earth spherical with radius of 6,371,229.0 m","gridUnits":"degrees","resolution":48,"winds":"true","scanMode":0,"nx":360,"ny":181,"basicAngle":0,"subDivisions":0,"lo1":0,"la1":90,"lo2":359,"la2":-90,"dx":1,"dy":1}, "data":
[rows 0 to 33 of 181, columns 234 to 311 of 360]
0.0,0.0,0.0,0.0,0.0,0.0,0.0,0.0,0.0,0.0,0.0,0.0,0.0,0.0,0.0,0.0,0.0,0.0,0.0,0.0,0.0,0.0,0.0,0.0,0.0,0.0,0.0,0.0,0.0,0.0,0.0,0.0,0.0,0.0,0.0,0.0,0.0,0.0,0.0,0.0,0.0,0.0,0.0,0.0,0.0,0.0,0.0,0.0,0.0,0.0,0.0,0.0,0.0,0.0,0.0,0.0,0.0,0.0,0.0,0.0,0.0,0.0,0.0,0.0,0.0,0.0,0.0,0.0,0.0,0.0,0.0,0.0,0.0,0.0,0.0,0.0,0.0,0.0
0.0,0.0,0.0,0.0,0.0,0.0,0.0,0.0,0.0,0.0,0.0,0.0,0.0,0.0,0.0,0.0,0.0,0.0,0.0,0.0,0.0,0.0,0.0,0.0,0.0,0.0,0.0,0.0,0.0,0.0,0.0,0.0,0.0,0.0,0.0,0.0,0.0,0.0,0.0,0.0,0.0,0.0,0.0,0.0,0.0,0.0,0.0,0.0,0.0,0.0,0.0,0.0,0.0,0.0,0.0,0.0,0.0,0.0,0.0,0.0,0.0,0.0,0.0,0.0,0.0,0.0,0.0,0.0,0.0,0.0,0.0,0.0,0.0,0.0,0.0,0.0,0.0,0.0
0.0,0.0,0.0,0.0,0.0,0.0,0.0,0.0,0.0,0.0,0.0,0.0,0.0,0.0,0.0,0.0,0.0,0.0,0.0,0.0,0.0,0.0,0.0,0.0,0.0,0.0,0.0,0.0,0.0,0.0,0.0,0.0,0.0,0.0,0.0,0.0,0.0,0.0,0.0,0.0,0.0,0.0,0.0,0.0,0.0,0.0,0.0,0.0,0.0,0.0,0.0,0.0,0.0,0.0,0.0,0.0,0.0,0.0,0.0,0.0,0.0,0.0,0.0,0.0,0.0,0.0,0.0,0.0,0.0,0.0,0.0,0.0,0.0,0.0,0.0,0.0,0.0,0.0
-5.9,-5.98,-6.07,-6.15,-6.23,-6.31,-6.38,-6.45,-6.53,-6.6,-6.66,-6.73,-6.79,-6.85,-6.91,-6.97,-7.02,-7.08,-7.13,-7.18,-7.22,-7.27,-7.31,-7.35,-7.39,-7.42,-7.45,-7.48,-7.51,-7.54,-7.56,-7.58,-7.6,-7.62,-7.64,-7.65,-7.66,-7.67,-7.67,-7.67,-7.67,-7.67,-7.67,-7.66,-7.65,-7.64,-7.63,-7.61,-7.6,-7.58,-7.55,-7.53,-7.5,-7.47,-7.44,-7.41,-7.37,-7.33,-7.29,-7.25,-7.2,-7.16,-7.11,-7.05,-7.0,-6.94,-6.89,-6.83,-6.76,-6.7,-6.63,-6.56,-6.49,-6.42,-6.35,-6.27,-6.19,-6.11
-5.9,-5.98,-6.06,-6.15,-6.22,-6.3,-6.38,-6.45,-6.52,-6.59,-6.66,-6.72,-6.79,-6.85,-6.91,-6.96,-7.02,-7.07,-7.12,-7.17,-7.22,-7.26,-7.3,-7.34,-7.38,-7.42,-7.45,-7.48,-7.51,-7.53,-7.56,-7.58,-7.6,-7.62,-7.63,-7.64,-7.65,-7.66,-7.67,-7.67,-7.67,-7.67,-7.66,-7.66,-7.65,-7.64,-7.62,-7.61,-7.59,-7.57,-7.55,-7.52,-7.5,-7.47,-7.44,-7.4,-7.37,-7.33,-7.29,-7.24,-7.2,-7.15,-7.1,-7.05,-7.0,-6.94,-6.88,-6.82,-6.76,-6.7,-6.63,-6.56,-6.49,-6.42,-6.34,-6.27,-6.19,-6.11
-5.89,-5.98,-6.06,-6.14,-6.22,-6.3,-6.37,-6.44,-6.52,-6.59,-6.65,-6.72,-6.78,-6.84,-6.9,-6.96,-7.01,-7.07,-7.12,-7.17,-7.21,-7.26,-7.3,-7.34,-7.37,-7.41,-7.44,-7.47,-7.5,-7.53,-7.55,-7.57,-7.59,-7.61,-7.62,-7.64,-7.65,-7.65,-7.66,-7.66,-7.66,-7.66,-7.66,-7.65,-7.64,-7.63,-7.62,-7.6,-7.58,-7.56,-7.54,-7.52,-7.49,-7.46,-7.43,-7.39,-7.36,-7.32,-7.28,-7.24,-7.19,-7.14,-7.1,-7.04,-6.99,-6.93,-6.88,-6.82,-6.75,-6.69,-6.62,-6.56,-6.49,-6.41,-6.34,-6.26,-6.19,-6.11
-5.89,-5.97,-6.05,-6.13,-6.21,-6.29,-6.36,-6.44,-6.51,-6.58,-6.64,-6.71,-6.77,-6.83,-6.89,-6.95,-7.0,-7.06,-7.11,-7.16,-7.2,-7.25,-7.29,-7.33,-7.37,-7.4,-7.43,-7.46,-7.49,-7.52,-7.54,-7.56,-7.58,-7.6,-7.61,-7.63,-7.64,-7.64,-7.65,-7.65,-7.65,-7.65,-7.65,-7.64,-7.63,-7.62,-7.61,-7.59,-7.57,-7.55,-7.53,-7.51,-7.48,-7.45,-7.42,-7.39,-7.35,-7.31,-7.27,-7.23,-7.18,-7.14,-7.09,-7.04,-6.98,-6.93,-6.87,-6.81,-6.75,-6.68,-6.62,-6.55,-6.48,-6.41,-6.33,-6.26,-6.18,-6.1
-5.88,-5.96,-6.04,-6.12,-6.2,-6.28,-6.36,-6.43,-6.5,-6.57,-6.64,-6.7,-6.76,-6.82,-6.88,-6.94,-6.99,-7.05,-7.1,-7.15,-7.19,-7.24,-7.28,-7.32,-7.35,-7.39,-7.42,-7.45,-7.48,-7.51,-7.53,-7.55,-7.57,-7.59,-7.6,-7.61,-7.62,-7.63,-7.64,-7.64,-7.64,-7.64,-7.64,-7.63,-7.62,-7.61,-7.6,-7.58,-7.56,-7.54,-7.52,-7.5,-7.47,-7.44,-7.41,-7.37,-7.34,-7.3,-7.26,-7.22,-7.17,-7.12,-7.08,-7.02,-6.97,-6.92,-6.86,-6.8,-6.74,-6.67,-6.61,-6.54,-6.47,-6.4,-6.32,-6.25,-6.17,-6.09
-5.87,-5.95,-6.03,-6.11,-6.19,-6.27,-6.34,-6.42,-6.49,-6.56,-6.62,-6.69,-6.75,-6.81,-6.87,-6.93,-6.98,-7.03,-7.08,-7.13,-7.18,-7.22,-7.26,-7.3,-7.34,-7.38,-7.41,-7.44,-7.47,-7.49,-7.52,-7.54,-7.56,-7.57,-7.59,-7.6,-7.61,-7.62,-7.62,-7.63,-7.63,-7.63,-7.62,-7.61,-7.61,-7.6,-7.58,-7.57,-7.55,-7.53,-7.51,-7.48,-7.45,-7.43,-7.39,-7.36,-7.32,-7.29,-7.25,-7.2,-7.16,-7.11,-7.06,-7.01,-6.96,-6.9,-6.84,-6.79,-6.72,-6.66,-6.59,-6.53,-6.46,-6.39,-6.31,-6.24,-6.16,-6.08
-5.86,-5.94,-6.02,-6.1,-6.18,-6.26,-6.33,-6.4,-6.47,-6.54,-6.61,-6.67,-6.74,-6.8,-6.86,-6.91,-6.97,-7.02,-7.07,-7.12,-7.16,-7.21,-7.25,-7.29,-7.32,-7.36,-7.39,-7.42,-7.45,-7.48,-7.5,-7.52,-7.54,-7.56,-7.57,-7.58,-7.59,-7.6,-7.61,-7.61,-7.61,-7.61,-7.6,-7.6,-7.59,-7.58,-7.57,-7.55,-7.53,-7.51,-7.49,-7.47,-7.44,-7.41,-7.38,-7.34,-7.31,-7.27,-7.23,-7.19,-7.14,-7.1,-7.05,-7.0,-6.94,-6.89,-6.83,-6.77,-6.71,-6.65,-6.58,-6.51,-6.44,-6.37,-6.3,-6.22,-6.15,-6.07
-5.84,-5.92,-6.01,-6.09,-6.16,-6.24,-6.32,-6.39,-6.46,-6.53,-6.59,-6.66,-6.72,-6.78,-6.84,-6.9,-6.95,-7.0,-7.05,-7.1,-7.15,-7.19,-7.23,-7.27,-7.31,-7.34,-7.37,-7.4,-7.43,-7.46,-7.48,-7.5,-7.52,-7.54,-7.55,-7.57,-7.58,-7.58,-7.59,-7.59,-7.59,-7.59,-7.59,-7.58,-7.57,-7.56,-7.55,-7.53,-7.51,-7.49,-7.47,-7.45,-7.42,-7.39,-7.36,-7.33,-7.29,-7.25,-7.21,-7.17,-7.13,-7.08,-7.03,-6.98,-6.93,-6.87,-6.81,-6.75,-6.69,-6.63,-6.56,-6.5,-6.43,-6.36,-6.28,-6.21,-6.13,-6.05
-5.83,-5.91,-5.99,-6.07,-6.15,-6.22,-6.3,-6.37,-6.44,-6.51,-6.58,-6.64,-6.7,-6.76,-6.82,-6.88,-6.93,-6.98,-7.03,-7.08,-7.13,-7.17,-7.21,-7.25,-7.29,-7.32,-7.35,-7.38,-7.41,-7.44,-7.46,-7.48,-7.5,-7.52,-7.53,-7.54,-7.55,-7.56,-7.57,-7.57,-7.57,-7.57,-7.56,-7.56,-7.55,-7.54,-7.53,-7.51,-7.49,-7.47,-7.45,-7.43,-7.4,-7.37,-7.34,-7.31,-7.27,-7.23,-7.19,-7.15,-7.11,-7.06,-7.01,-6.96,-6.91,-6.85,-6.8,-6.74,-6.68,-6.61,-6.55,-6.48,-6.41,-6.34,-6.27,-6.19,-6.11,-6.04
-5.81,-5.89,-5.97,-6.05,-6.13,-6.21,-6.28,-6.35,-6.42,-6.49,-6.56,-6.62,-6.68,-6.74,-6.8,-6.86,-6.91,-6.96,-7.01,-7.06,-7.1,-7.15,-7.19,-7.23,-7.26,-7.3,-7.33,-7.36,-7.39,-7.41,-7.44,-7.46,-7.48,-7.49,-7.51,-7.52,-7.53,-7.54,-7.54,-7.55,-7.55,-7.55,-7.54,-7.54,-7.53,-7.52,-7.5,-7.49,-7.47,-7.45,-7.43,-7.4,-7.38,-7.35,-7.32,-7.28,-7.25,-7.21,-7.17,-7.13,-7.08,-7.04,-6.99,-6.94,-6.89,-6.83,-6.77,-6.72,-6.65,-6.59,-6.53,-6.46,-6.39,-6.32,-6.25,-6.17,-6.1,-6.02
-5.79,-5.87,-5.95,-6.03,-6.11,-6.18,-6.26,-6.33,-6.4,-6.47,-6.53,-6.6,-6.66,-6.72,-6.78,-6.83,-6.89,-6.94,-6.99,-7.03,-7.08,-7.12,-7.16,-7.2,-7.24,-7.27,-7.31,-7.34,-7.36,-7.39,-7.41,-7.43,-7.45,-7.47,-7.48,-7.5,-7.5,-7.51,-7.52,-7.52,-7.52,-7.52,-7.52,-7.51,-7.5,-7.49,-7.48,-7.46,-7.44,-7.42,-7.4,-7.38,-7.35,-7.32,-7.29,-7.26,-7.22,-7.19,-7.15,-7.1,-7.06,-7.01,-6.97,-6.92,-6.86,-6.81,-6.75,-6.69,-6.63,-6.57,-6.5,-6.44,-6.37,-6.3,-6.23,-6.15,-6.08,-6.0
-5.77,-5.85,-5.93,-6.01,-6.09,-6.16,-6.24,-6.31,-6.38,-6.44,-6.51,-6.57,-6.63,-6.69,-6.75,-6.81,-6.86,-6.91,-6.96,-7.01,-7.05,-7.1,-7.14,-7.18,-7.21,-7.25,-7.28,-7.31,-7.34,-7.36,-7.39,-7.41,-7.42,-7.44,-7.46,-7.47,-7.48,-7.48,-7.49,-7.49,-7.49,-7.49,-7.49,-7.48,-7.47,-7.46,-7.45,-7.43,-7.42,-7.4,-7.38,-7.35,-7.32,-7.3,-7.26,-7.23,-7.2,-7.16,-7.12,-7.08,-7.03,-6.99,-6.94,-6.89,-6.84,-6.78,-6.73,-6.67,-6.61,-6.55,-6.48,-6.41,-6.35,-6.28,-6.2,-6.13,-6.05,-5.98
-5.75,-5.83,-5.91,-5.99,-6.06,-6.14,-6.21,-6.28,-6.35,-6.42,-6.48,-6.55,-6.61,-6.67,-6.72,-6.78,-6.83,-6.88,-6.93,-6.98,-7.03,-7.07,-7.11,-7.15,-7.18,-7.22,-7.25,-7.28,-7.31,-7.33,-7.36,-7.38,-7.39,-7.41,-7.42,-7.44,-7.45,-7.45,-7.46,-7.46,-7.46,-7.46,-7.46,-7.45,-7.44,-7.43,-7.42,-7.4,-7.39,-7.37,-7.35,-7.32,-7.3,-7.27,-7.24,-7.2,-7.17,-7.13,-7.09,-7.05,-7.01,-6.96,-6.91,-6.86,-6.81,-6.76,-6.7,-6.64,-6.58,-6.52,-6.46,-6.39,-6.32,-6.25,-6.18,-6.11,-6.03,-5.95
-5.72,-5.8,-5.88,-5.96,-6.04,-6.11,-6.18,-6.26,-6.32,-6.39,-6.46,-6.52,-6.58,-6.64,-6.7,-6.75,-6.8,-6.85,-6.9,-6.95,-6.99,-7.04,-7.08,-7.12,-7.15,-7.19,-7.22,-7.25,-7.27,-7.3,-7.32,-7.34,-7.36,-7.38,-7.39,-7.4,-7.41,-7.42,-7.43,-7.43,-7.43,-7.43,-7.42,-7.42,-7.41,-7.4,-7.39,-7.37,-7.35,-7.34,-7.31,-7.29,-7.26,-7.23,-7.2,-7.17,-7.14,-7.1,-7.06,-7.02,-6.98,-6.93,-6.88,-6.83,-6.78,-6.73,-6.67,-6.61,-6.55,-6.49,-6.43,-6.36,-6.29,-6.22,-6.15,-6.08,-6.0,-5.93
-5.7,-5.78,-5.86,-5.93,-6.01,-6.08,-6.16,-6.23,-6.29,-6.36,-6.43,-6.49,-6.55,-6.61,-6.66,-6.72,-6.77,-6.82,-6.87,-6.92,-6.96,-7.0,-7.04,-7.08,-7.12,-7.15,-7.18,-7.21,-7.24,-7.27,-7.29,-7.31,-7.33,-7.34,-7.36,-7.37,-7.38,-7.39,-7.39,-7.39,-7.4,-7.39,-7.39,-7.38,-7.38,-7.36,-7.35,-7.34,-7.32,-7.3,-7.28,-7.26,-7.23,-7.2,-7.17,-7.14,-7.1,-7.07,-7.03,-6.99,-6.94,-6.9,-6.85,-6.8,-6.75,-6.7,-6.64,-6.58,-6.52,-6.46,-6.4,-6.33,-6.26,-6.2,-6.12,-6.05,-5.98,-5.9
-5.67,-5.75,-5.83,-5.9,-5.98,-6.05,-6.13,-6.2,-6.26,-6.33,-6.39,-6.46,-6.52,-6.58,-6.63,-6.69,-6.74,-6.79,-6.84,-6.88,-6.93,-6.97,-7.01,-7.05,-7.08,-7.12,-7.15,-7.18,-7.2,-7.23,-7.25,-7.27,-7.29,-7.31,-7.32,-7.33,-7.34,-7.35,-7.35,-7.36,-7.36,-7.36,-7.35,-7.35,-7.34,-7.33,-7.32,-7.3,-7.28,-7.26,-7.24,-7.22,-7.19,-7.16,-7.13,-7.1,-7.07,-7.03,-6.99,-6.95,-6.91,-6.86,-6.82,-6.77,-6.72,-6.66,-6.61,-6.55,-6.49,-6.43,-6.37,-6.3,-6.23,-6.17,-6.09,-6.02,-5.95,-5.87
-5.64,-5.72,-5.8,-5.87,-5.95,-6.02,-6.09,-6.16,-6.23,-6.3,-6.36,-6.42,-6.48,-6.54,-6.6,-6.65,-6.7,-6.75,-6.8,-6.85,-6.89,-6.93,-6.97,-7.01,-7.05,-7.08,-7.11,-7.14,-7.17,-7.19,-7.21,-7.23,-7.25,-7.27,-7.28,-7.29,-7.3,-7.31,-7.32,-7.32,-7.32,-7.32,-7.31,-7.31,-7.3,-7.29,-7.28,-7.26,-7.24,-7.22,-7.2,-7.18,-7.15,-7.13,-7.1,-7.06,-7.03,-6.99,-6.95,-6.91,-6.87,-6.83,-6.78,-6.73,-6.68,-6.63,-6.57,-6.52,-6.46,-6.4,-6.33,-6.27,-6.2,-6.13,-6.06,-5.99,-5.92,-5.84
-5.61,-5.69,-5.76,-5.84,-5.92,-5.99,-6.06,-6.13,-6.2,-6.26,-6.32,-6.39,-6.45,-6.5,-6.56,-6.61,-6.66,-6.71,-6.76,-6.81,-6.85,-6.89,-6.93,-6.97,-7.01,-7.04,-7.07,-7.1,-7.13,-7.15,-7.17,-7.19,-7.21,-7.23,-7.24,-7.25,-7.26,-7.27,-7.27,-7.28,-7.28,-7.28,-7.27,-7.27,-7.26,-7.25,-7.23,-7.22,-7.2,-7.18,-7.16,-7.14,-7.11,-7.09,-7.06,-7.02,-6.99,-6.95,-6.92,-6.88,-6.83,-6.79,-6.74,-6.69,-6.64,-6.59,-6.54,-6.48,-6.42,-6.36,-6.3,-6.23,-6.17,-6.1,-6.03,-5.96,-5.88,-5.81
-5.57,-5.65,-5.73,-5.81,-5.88,-5.95,-6.02,-6.09,-6.16,-6.22,-6.29,-6.35,-6.41,-6.46,-6.52,-6.57,-6.62,-6.67,-6.72,-6.77,-6.81,-6.85,-6.89,-6.93,-6.96,-7.0,-7.03,-7.06,-7.08,-7.11,-7.13,-7.15,-7.17,-7.18,-7.2,-7.21,-7.22,-7.22,-7.23,-7.23,-7.23,-7.23,-7.23,-7.22,-7.21,-7.2,-7.19,-7.18,-7.16,-7.14,-7.12,-7.1,-7.07,-7.04,-7.01,-6.98,-6.95,-6.91,-6.87,-6.83,-6.79,-6.75,-6.7,-6.65,-6.6,-6.55,-6.5,-6.44,-6.38,-6.32,-6.26,-6.2,-6.13,-6.06,-5.99,-5.92,-5.85,-5.77
-5.54,-5.62,-5.7,-5.77,-5.84,-5.92,-5.99,-6.05,-6.12,-6.18,-6.25,-6.31,-6.37,-6.42,-6.48,-6.53,-6.58,-6.63,-6.68,-6.72,-6.77,-6.81,-6.85,-6.88,-6.92,-6.95,-6.98,-7.01,-7.04,-7.06,-7.08,-7.1,-7.12,-7.14,-7.15,-7.16,-7.17,-7.18,-7.18,-7.19,-7.19,-7.19,-7.18,-7.18,-7.17,-7.16,-7.15,-7.13,-7.11,-7.1,-7.07,-7.05,-7.03,-7.0,-6.97,-6.94,-6.9,-6.87,-6.83,-6.79,-6.75,-6.7,-6.66,-6.61,-6.56,-6.51,-6.45,-6.4,-6.34,-6.28,-6.22,-6.16,-6.09,-6.02,-5.96,-5.88,-5.81,-5.74
-5.5,-5.58,-5.66,-5.73,-5.81,-5.88,-5.95,-6.01,-6.08,-6.14,-6.21,-6.27,-6.32,-6.38,-6.44,-6.49,-6.54,-6.59,-6.63,-6.68,-6.72,-6.76,-6.8,-6.84,-6.87,-6.91,-6.94,-6.96,-6.99,-7.01,-7.04,-7.06,-7.07,-7.09,-7.1,-7.11,-7.12,-7.13,-7.14,-7.14,-7.14,-7.14,-7.13,-7.13,-7.12,-7.11,-7.1,-7.08,-7.07,-7.05,-7.03,-7.0,-6.98,-6.95,-6.92,-6.89,-6.86,-6.82,-6.78,-6.75,-6.7,-6.66,-6.61,-6.57,-6.52,-6.47,-6.41,-6.36,-6.3,-6.24,-6.18,-6.12,-6.05,-5.98,-5.92,-5.85,-5.77,-5.7
-5.47,-5.54,-5.62,-5.69,-5.76,-5.84,-5.9,-5.97,-6.04,-6.1,-6.16,-6.22,-6.28,-6.34,-6.39,-6.44,-6.49,-6.54,-6.59,-6.63,-6.68,-6.72,-6.75,-6.79,-6.82,-6.86,-6.89,-6.92,-6.94,-6.96,-6.99,-7.01,-7.02,-7.04,-7.05,-7.06,-7.07,-7.08,-7.09,-7.09,-7.09,-7.09,-7.08,-7.08,-7.07,-7.06,-7.05,-7.03,-7.02,-7.0,-6.98,-6.95,-6.93,-6.9,-6.87,-6.84,-6.81,-6.77,-6.74,-6.7,-6.66,-6.61,-6.57,-6.52,-6.47,-6.42,-6.37,-6.31,-6.26,-6.2,-6.14,-6.07,-6.01,-5.94,-5.88,-5.81,-5.73,-5.66
-5.41,-5.5,-5.58,-5.65,-5.72,-5.79,-5.86,-5.93,-5.99,-6.06,-6.12,-6.18,-6.23,-6.29,-6.34,-6.4,-6.45,-6.49,-6.54,-6.58,-6.63,-6.67,-6.7,-6.74,-6.77,-6.81,-6.84,-6.86,-6.89,-6.91,-6.94,-6.95,-6.97,-6.99,-7.0,-7.01,-7.02,-7.03,-7.03,-7.04,-7.04,-7.03,-7.03,-7.02,-7.02,-7.01,-7.0,-6.98,-6.96,-6.95,-6.93,-6.9,-6.88,-6.85,-6.82,-6.79,-6.76,-6.72,-6.69,-6.65,-6.61,-6.56,-6.52,-6.47,-6.42,-6.37,-6.32,-6.27,-6.21,-6.15,-6.09,-6.03,-5.96,-5.9,-5.83,-5.76,-5.69,-5.62
-5.32,-5.42,-5.51,-5.6,-5.68,-5.75,-5.82,-5.88,-5.95,-6.01,-6.07,-6.13,-6.19,-6.24,-6.29,-6.35,-6.4,-6.44,-6.49,-6.53,-6.57,-6.61,-6.65,-6.69,-6.72,-6.75,-6.78,-6.81,-6.84,-6.86,-6.88,-6.9,-6.92,-6.93,-6.95,-6.96,-6.97,-6.97,-6.98,-6.98,-6.98,-6.98,-6.98,-6.97,-6.96,-6.95,-6.94,-6.93,-6.91,-6.89,-6.87,-6.85,-6.82,-6.8,-6.77,-6.74,-6.71,-6.67,-6.64,-6.6,-6.56,-6.51,-6.47,-6.42,-6.37,-6.32,-6.27,-6.22,-6.16,-6.1,-6.04,-5.98,-5.92,-5.85,-5.79,-5.72,-5.65,-5.58
-5.25,-5.35,-5.44,-5.54,-5.63,-5.7,-5.77,-5.84,-5.9,-5.96,-6.02,-6.08,-6.14,-6.19,-6.24,-6.29,-6.34,-6.39,-6.44,-6.48,-6.52,-6.56,-6.6,-6.63,-6.67,-6.7,-6.73,-6.76,-6.78,-6.8,-6.82,-6.84,-6.86,-6.88,-6.89,-6.9,-6.91,-6.92,-6.92,-6.92,-6.92,-6.92,-6.92,-6.91,-6.91,-6.9,-6.88,-6.87,-6.85,-6.84,-6.82,-6.79,-6.77,-6.74,-6.72,-6.68,-6.65,-6.62,-6.58,-6.54,-6.5,-6.46,-6.42,-6.37,-6.32,-6.27,-6.22,-6.17,-6.11,-6.05,-6.0,-5.93,-5.87,-5.81,-5.74,-5.67,-5.6,-5.53
-5.19,-5.29,-5.39,-5.49,-5.58,-5.65,-5.72,-5.79,-5.85,-5.91,-5.97,-6.03,-6.08,-6.14,-6.19,-6.24,-6.29,-6.34,-6.38,-6.42,-6.47,-6.5,-6.54,-6.58,-6.61,-6.64,-6.67,-6.7,-6.72,-6.75,-6.77,-6.79,-6.8,-6.82,-6.83,-6.84,-6.85,-6.86,-6.86,-6.86,-6.87,-6.86,-6.86,-6.86,-6.85,-6.84,-6.83,-6.81,-6.8,-6.78,-6.76,-6.74,-6.71,-6.69,-6.66,-6.63,-6.6,-6.56,-6.53,-6.49,-6.45,-6.41,-6.36,-6.32,-6.27,-6.22,-6.17,-6.12,-6.06,-6.0,-5.94,-5.88,-5.82,-5.76,-5.69,-5.63,-5.56,-5.49
-5.14,-5.24,-5.35,-5.45,-5.54,-5.6,-5.67,-5.74,-5.8,-5.86,-5.92,-5.98,-6.03,-6.08,-6.14,-6.19,-6.23,-6.28,-6.33,-6.37,-6.41,-6.45,-6.48,-6.52,-6.55,-6.58,-6.61,-6.64,-6.66,-6.69,-6.71,-6.73,-6.74,-6.76,-6.77,-6.78,-6.79,-6.8,-6.8,-6.8,-6.8,-6.8,-6.8,-6.79,-6.79,-6.78,-6.76,-6.75,-6.74,-6.72,-6.7,-6.68,-6.65,-6.63,-6.6,-6.57,-6.54,-6.5,-6.47,-6.43,-6.39,-6.35,-6.31,-6.26,-6.21,-6.16,-6.11,-6.06,-6.01,-5.95,-5.89,-5.83,-5.77,-5.71,-5.64,-5.58,-5.51,-5.44
-5.1,-5.19,-5.29,-5.39,-5.49,-5.55,-5.62,-5.68,-5.74,-5.8,-5.86,-5.92,-5.98,-6.03,-6.08,-6.13,-6.18,-6.22,-6.27,-6.31,-6.35,-6.39,-6.42,-6.46,-6.49,-6.52,-6.55,-6.58,-6.6,-6.62,-6.64,-6.66,-6.68,-6.7,-6.71,-6.72,-6.73,-6.73,-6.74,-6.74,-6.74,-6.74,-6.74,-6.73,-6.72,-6.71,-6.7,-6.69,-6.67,-6.66,-6.64,-6.61,-6.59,-6.57,-6.54,-6.51,-6.48,-6.44,-6.41,-6.37,-6.33,-6.29,-6.25,-6.2,-6.16,-6.11,-6.06,-6.01,-5.95,-5.9,-5.84,-5.78,-5.72,-5.66,-5.59,-5.52,-5.46,-5.39
-5.04,-5.12,-5.18,-5.22,-5.35,-5.5,-5.57,-5.63,-5.69,-5.75,-5.81,-5.86,-5.92,-5.97,-6.02,-6.07,-6.12,-6.16,-6.21,-6.25,-6.29,-6.33,-6.36,-6.4,-6.43,-6.46,-6.49,-6.51,-6.54,-6.56,-6.58,-6.6,-6.62,-6.63,-6.64,-6.65,-6.66,-6.67,-6.67,-6.68,-6.68,-6.68,-6.67,-6.67,-6.66,-6.65,-6.64,-6.62,-6.61,-6.59,-6.57,-6.55,-6.53,-6.5,-6.48,-6.45,-6.41,-6.38,-6.35,-6.31,-6.27,-6.23,-6.19,-6.14,-6.1,-6.05,-6.0,-5.95,-5.89,-5.84,-5.78,-5.72,-5.66,-5.6,-5.54,-5.47,-5.4,-5.34
-5.0,-5.07,-5.15,-5.23,-5.33,-5.43,-5.51,-5.57,-5.63,-5.69,-5.75,-5.8,-5.86,-5.91,-5.96,-6.01,-6.06,-6.1,-6.14,-6.19,-6.22,-6.26,-6.3,-6.33,-6.36,-6.39,-6.42,-6.45,-6.47,-6.49,-6.51,-6.53,-6.55,-6.56,-6.58,-6.59,-6.6,-6.6,-6.61,-6.61,-6.61,-6.61,-6.6,-6.6,-6.59,-6.58,-6.57,-6.56,-6.54,-6.52,-6.51,-6.48,-6.46,-6.44,-6.41,-6.38,-6.35,-6.32,-6.28,-6.25,-6.21,-6.17,-6.13,-6.08,-6.04,-5.99,-5.94,-5.89,-5.84,-5.78,-5.72,-5.67,-5.61,-5.55,-5.48,-5.42,-5.35,-5.28
-4.96,-5.03,-5.11,-5.19,-5.27,-5.36,-5.44,-5.51,-5.57,-5.63,-5.69,-5.74,-5.8,-5.85,-5.9,-5.95,-5.99,-6.04,-6.08,-6.12,-6.16,-6.2,-6.23,-6.27,-6.3,-6.33,-6.35,-6.38,-6.4,-6.43,-6.45,-6.46,-6.48,-6.5,-6.51,-6.52,-6.53,-6.53,-6.54,-6.54,-6.54,-6.54,-6.54,-6.53,-6.52,-6.51,-6.5,-6.49,-6.47,-6.46,-6.44,-6.42,-6.39,-6.37,-6.34,-6.31,-6.28,-6.25,-6.22,-6.18,-6.14,-6.1,-6.06,-6.02,-5.97,-5.93,-5.88,-5.83,-5.78,-5.72,-5.67,-5.61,-5.55,-5.49,-5.43,-5.36,-5.3,-5.23
