public/data/weather/current/current-wind-surface-level-gfs-1.0.json
{"header": {"discipline":0,"disciplineName":"Meteorological products","gribEdition":2,"gribLength":131858,"center":7,"centerName":"US National Weather Service - NCEP(WMC)","subcenter":0,"refTime":"2014-01-31T00:00:00.000Z","significanceOfRT":1,"significanceOfRTName":"Start of forecast","productStatus":0,"productStatusName":"Operational products","productType":1,"productTypeName":"Forecast products","productDefinitionTemplate":0,"productDefinitionTemplateName":"Analysis/forecast at horizontal level/layer at a point in time","parameterCategory":2,"parameterCategoryName":"Momentum","parameterNumber":2,"parameterNumberName":"U-component_of_wind","parameterUnit":"m.s-1","genProcessType":2,"genProcessTypeName":"Forecast","forecastTime":3,"surface1Type":103,"surface1TypeName":"Specified height level above ground","surface1Value":10,"surface2Type":255,"surface2TypeName":"Missing","surface2Value":0,"gridDefinitionTemplate":0,"gridDefinitionTemplateName":"Latitude_Longitude","numberPoints":65160,"shape":6,"shapeName":"Earth spherical with radius of 6,371,229.0 m","gridUnits":"degrees","resolution":48,"winds":"true","scanMode":0,"nx":360,"ny":181,"basicAngle":0,"subDivisions":0,"lo1":0,"la1":90,"lo2":359,"la2":-90,"dx":1,"dy":1}, "data":
[rows 34 to 67 of 181, columns 234 to 311 of 360]
-4.89,-4.96,-5.04,-5.12,-5.2,-5.28,-5.36,-5.46,-5.51,-5.57,-5.63,-5.68,-5.74,-5.79,-5.84,-5.88,-5.93,-5.97,-6.01,-6.05,-6.09,-6.13,-6.16,-6.2,-6.23,-6.26,-6.29,-6.31,-6.33,-6.36,-6.38,-6.39,-6.41,-6.42,-6.44,-6.45,-6.45,-6.46,-6.47,-6.47,-6.47,-6.47,-6.46,-6.46,-6.45,-6.44,-6.43,-6.42,-6.4,-6.39,-6.37,-6.35,-6.32,-6.3,-6.27,-6.25,-6.22,-6.18,-6.15,-6.11,-6.08,-6.04,-6.0,-5.95,-5.91,-5.86,-5.81,-5.76,-5.71,-5.66,-5.6,-5.55,-5.49,-5.43,-5.37,-5.3,-5.24,-5.17
-4.8,-4.88,-4.97,-5.05,-5.13,-5.21,-5.29,-5.37,-5.45,-5.51,-5.57,-5.62,-5.67,-5.72,-5.77,-5.82,-5.86,-5.9,-5.95,-5.99,-6.02,-6.06,-6.1,-6.13,-6.16,-6.19,-6.21,-6.24,-6.26,-6.28,-6.3,-6.32,-6.34,-6.35,-6.36,-6.37,-6.38,-6.39,-6.39,-6.4,-6.4,-6.39,-6.39,-6.39,-6.38,-6.37,-6.36,-6.35,-6.33,-6.31,-6.3,-6.28,-6.25,-6.23,-6.2,-6.18,-6.15,-6.11,-6.08,-6.05,-6.01,-5.97,-5.93,-5.89,-5.84,-5.8,-5.75,-5.7,-5.65,-5.6,-5.54,-5.49,-5.43,-5.37,-5.31,-5.24,-5.18,-5.12
-4.74,-4.83,-4.9,-4.97,-5.03,-5.11,-5.19,-5.27,-5.36,-5.45,-5.5,-5.55,-5.6,-5.65,-5.7,-5.75,-5.79,-5.84,-5.88,-5.92,-5.95,-5.99,-6.02,-6.06,-6.09,-6.11,-6.14,-6.17,-6.19,-6.21,-6.23,-6.25,-6.26,-6.28,-6.29,-6.3,-6.31,-6.31,-6.32,-6.32,-6.32,-6.32,-6.32,-6.31,-6.3,-6.29,-6.28,-6.27,-6.26,-6.24,-6.22,-6.2,-6.18,-6.16,-6.13,-6.1,-6.07,-6.04,-6.01,-5.97,-5.94,-5.9,-5.86,-5.82,-5.77,-5.73,-5.68,-5.63,-5.58,-5.53,-5.48,-5.42,-5.36,-5.31,-5.25,-5.18,-5.12,-5.06
-4.77,-4.8,-4.84,-4.88,-4.94,-5.0,-5.08,-5.16,-5.24,-5.34,-5.43,-5.49,-5.54,-5.59,-5.63,-5.68,-5.72,-5.77,-5.81,-5.84,-5.88,-5.92,-5.95,-5.98,-6.01,-6.04,-6.07,-6.09,-6.11,-6.14,-6.15,-6.17,-6.19,-6.2,-6.21,-6.22,-6.23,-6.24,-6.24,-6.24,-6.24,-6.24,-6.24,-6.23,-6.23,-6.22,-6.21,-6.2,-6.18,-6.16,-6.15,-6.13,-6.1,-6.08,-6.06,-6.03,-6.0,-5.97,-5.94,-5.9,-5.87,-5.83,-5.79,-5.75,-5.7,-5.66,-5.61,-5.56,-5.52,-5.46,-5.41,-5.36,-5.3,-5.24,-5.18,-5.12,-5.06,-5.0
-4.68,-4.7,-4.71,-4.74,-4.78,-4.85,-4.93,-5.02,-5.12,-5.23,-5.34,-5.42,-5.47,-5.52,-5.56,-5.61,-5.65,-5.69,-5.73,-5.77,-5.81,-5.84,-5.88,-5.91,-5.94,-5.96,-5.99,-6.01,-6.04,-6.06,-6.08,-6.09,-6.11,-6.12,-6.13,-6.14,-6.15,-6.16,-6.16,-6.16,-6.16,-6.16,-6.16,-6.16,-6.15,-6.14,-6.13,-6.12,-6.1,-6.09,-6.07,-6.05,-6.03,-6.0,-5.98,-5.95,-5.92,-5.89,-5.86,-5.83,-5.79,-5.75,-5.72,-5.67,-5.63,-5.59,-5.54,-5.5,-5.45,-5.4,-5.34,-5.29,-5.23,-5.18,-5.12,-5.06,-5.0,-4.93
-4.51,-4.48,-4.51,-4.54,-4.59,-4.66,-4.75,-4.85,-4.95,-5.06,-5.18,-5.31,-5.4,-5.44,-5.49,-5.53,-5.58,-5.62,-5.66,-5.7,-5.73,-5.77,-5.8,-5.83,-5.86,-5.89,-5.91,-5.94,-5.96,-5.98,-6.0,-6.01,-6.03,-6.04,-6.05,-6.06,-6.07,-6.08,-6.08,-6.08,-6.08,-6.08,-6.08,-6.07,-6.07,-6.06,-6.05,-6.04,-6.02,-6.01,-5.99,-5.97,-5.95,-5.93,-5.9,-5.87,-5.85,-5.82,-5.78,-5.75,-5.72,-5.68,-5.64,-5.6,-5.56,-5.52,-5.47,-5.42,-5.38,-5.32,-5.27,-5.22,-5.17,-5.11,-5.05,-4.99,-4.93,-4.87
-3.24,-3.5,-3.77,-3.98,-4.3,-4.42,-4.53,-4.64,-4.76,-4.86,-4.97,-5.12,-5.3,-5.37,-5.42,-5.46,-5.5,-5.54,-5.58,-5.62,-5.65,-5.69,-5.72,-5.75,-5.78,-5.81,-5.83,-5.86,-5.88,-5.9,-5.92,-5.93,-5.95,-5.96,-5.97,-5.98,-5.99,-5.99,-6.0,-6.0,-6.0,-6.0,-6.0,-5.99,-5.99,-5.98,-5.97,-5.95,-5.94,-5.93,-5.91,-5.89,-5.87,-5.85,-5.82,-5.8,-5.77,-5.74,-5.71,-5.67,-5.64,-5.6,-5.56,-5.52,-5.48,-5.44,-5.4,-5.35,-5.3,-5.25,-5.2,-5.15,-5.1,-5.04,-4.98,-4.92,-4.86,-4.8
-0.43,-2.35,-2.62,-3.24,-3.85,-4.1,-4.29,-4.45,-4.56,-4.65,-4.75,-4.88,-5.06,-5.27,-5.34,-5.38,-5.42,-5.46,-5.5,-5.54,-5.57,-5.61,-5.64,-5.67,-5.7,-5.72,-5.75,-5.77,-5.79,-5.81,-5.83,-5.85,-5.86,-5.88,-5.89,-5.9,-5.9,-5.91,-5.91,-5.92,-5.92,-5.92,-5.91,-5.91,-5.9,-5.89,-5.88,-5.87,-5.86,-5.84,-5.82,-5.81,-5.79,-5.76,-5.74,-5.71,-5.69,-5.66,-5.63,-5.59,-5.56,-5.52,-5.49,-5.45,-5.41,-5.36,-5.32,-5.28,-5.23,-5.18,-5.13,-5.08,-5.02,-4.97,-4.91,-4.86,-4.8,-4.74
5.37,2.99,-0.68,-2.2,-3.39,-3.86,-4.22,-4.4,-4.5,-4.58,-4.65,-4.72,-4.82,-5.01,-5.26,-5.3,-5.35,-5.39,-5.42,-5.46,-5.49,-5.53,-5.56,-5.59,-5.62,-5.64,-5.67,-5.69,-5.71,-5.73,-5.75,-5.76,-5.78,-5.79,-5.8,-5.81,-5.82,-5.82,-5.83,-5.83,-5.83,-5.83,-5.83,-5.82,-5.82,-5.81,-5.8,-5.78,-5.77,-5.76,-5.74,-5.72,-5.7,-5.68,-5.66,-5.63,-5.6,-5.57,-5.54,-5.51,-5.48,-5.44,-5.41,-5.37,-5.33,-5.29,-5.24,-5.2,-5.15,-5.1,-5.06,-5.0,-4.95,-4.9,-4.84,-4.79,-4.73,-4.67
5.42,4.18,-0.8,-2.62,-3.39,-3.85,-4.2,-4.41,-4.52,-4.59,-4.65,-4.73,-4.81,-4.91,-5.03,-5.23,-5.27,-5.3,-5.34,-5.38,-5.41,-5.44,-5.47,-5.5,-5.53,-5.56,-5.58,-5.6,-5.62,-5.64,-5.66,-5.68,-5.69,-5.7,-5.71,-5.72,-5.73,-5.74,-5.74,-5.74,-5.74,-5.74,-5.74,-5.73,-5.73,-5.72,-5.71,-5.7,-5.68,-5.67,-5.65,-5.64,-5.61,-5.59,-5.57,-5.55,-5.52,-5.49,-5.46,-5.43,-5.4,-5.36,-5.33,-5.29,-5.25,-5.21,-5.16,-5.12,-5.08,-5.03,-4.98,-4.93,-4.88,-4.82,-4.77,-4.71,-4.66,-4.6
4.87,3.97,-0.45,-2.82,-3.56,-4.04,-4.27,-4.51,-4.6,-4.66,-4.72,-4.78,-4.84,-4.89,-4.95,-5.04,-5.18,-5.22,-5.26,-5.29,-5.33,-5.36,-5.39,-5.42,-5.44,-5.47,-5.49,-5.52,-5.54,-5.56,-5.57,-5.59,-5.6,-5.61,-5.62,-5.63,-5.64,-5.65,-5.65,-5.65,-5.65,-5.65,-5.65,-5.64,-5.64,-5.63,-5.62,-5.61,-5.6,-5.58,-5.56,-5.55,-5.53,-5.51,-5.48,-5.46,-5.43,-5.4,-5.38,-5.34,-5.31,-5.28,-5.24,-5.21,-5.17,-5.13,-5.08,-5.04,-5.0,-4.95,-4.9,-4.85,-4.8,-4.75,-4.7,-4.64,-4.59,-4.53
4.24,3.64,-0.97,-2.84,-3.75,-4.25,-4.51,-4.65,-4.72,-4.78,-4.83,-4.88,-4.91,-4.94,-4.91,-4.58,-4.9,-5.14,-5.17,-5.21,-5.24,-5.27,-5.3,-5.33,-5.36,-5.38,-5.4,-5.43,-5.45,-5.46,-5.48,-5.5,-5.51,-5.52,-5.53,-5.54,-5.55,-5.55,-5.56,-5.56,-5.56,-5.56,-5.56,-5.55,-5.55,-5.54,-5.53,-5.52,-5.5,-5.49,-5.47,-5.46,-5.44,-5.42,-5.39,-5.37,-5.34,-5.32,-5.29,-5.26,-5.23,-5.19,-5.16,-5.12,-5.08,-5.04,-5.0,-4.96,-4.92,-4.87,-4.82,-4.77,-4.73,-4.67,-4.62,-4.57,-4.51,-4.46
3.61,3.01,-2.53,-3.45,-4.01,-4.51,-4.72,-4.83,-4.91,-4.96,-5.07,-5.14,-5.23,-5.23,-5.3,-5.24,-5.08,-5.05,-5.09,-5.12,-5.15,-5.18,-5.21,-5.24,-5.27,-5.29,-5.31,-5.34,-5.36,-5.37,-5.39,-5.4,-5.42,-5.43,-5.44,-5.45,-5.46,-5.46,-5.46,-5.47,-5.47,-5.47,-5.46,-5.46,-5.45,-5.45,-5.44,-5.43,-5.41,-5.4,-5.38,-5.37,-5.35,-5.33,-5.3,-5.28,-5.26,-5.23,-5.2,-5.17,-5.14,-5.11,-5.07,-5.04,-5.0,-4.96,-4.92,-4.88,-4.83,-4.79,-4.74,-4.7,-4.65,-4.6,-4.54,-4.49,-4.44,-4.38
2.53,0.12,-3.39,-4.38,-4.71,-4.93,-5.02,-5.08,-5.13,-5.19,-5.26,-5.31,-5.35,-5.4,-5.4,-5.08,-4.93,-4.97,-5.0,-5.03,-5.06,-5.09,-5.12,-5.15,-5.18,-5.2,-5.22,-5.24,-5.26,-5.28,-5.3,-5.31,-5.32,-5.34,-5.35,-5.35,-5.36,-5.37,-5.37,-5.37,-5.37,-5.37,-5.37,-5.36,-5.36,-5.35,-5.34,-5.33,-5.32,-5.3,-5.29,-5.27,-5.25,-5.23,-5.21,-5.19,-5.16,-5.14,-5.11,-5.08,-5.05,-5.02,-4.98,-4.95,-4.91,-4.87,-4.83,-4.79,-4.75,-4.71,-4.66,-4.61,-4.57,-4.52,-4.47,-4.41,-4.36,-4.31
-8.94,-6.65,-3.88,-4.93,-5.33,-5.44,-5.4,-5.35,-5.33,-5.34,-5.38,-5.42,-5.44,-5.46,-5.2,-4.95,-4.91,-4.91,-4.91,-4.94,-4.97,-5.0,-5.03,-5.06,-5.08,-5.11,-5.13,-5.15,-5.17,-5.19,-5.2,-5.22,-5.23,-5.24,-5.25,-5.26,-5.26,-5.27,-5.27,-5.28,-5.28,-5.28,-5.27,-5.27,-5.26,-5.26,-5.25,-5.24,-5.22,-5.21,-5.19,-5.18,-5.16,-5.14,-5.12,-5.1,-5.07,-5.05,-5.02,-4.99,-4.96,-4.93,-4.9,-4.86,-4.82,-4.79,-4.75,-4.71,-4.67,-4.62,-4.58,-4.53,-4.49,-4.44,-4.39,-4.34,-4.28,-4.23
-12.32,-11.37,-3.86,-6.07,-6.22,-6.07,-5.87,-5.72,-5.58,-5.46,-5.48,-5.48,-5.49,-5.46,-5.04,-4.87,-4.88,-4.86,-4.83,-4.85,-4.88,-4.91,-4.94,-4.96,-4.99,-5.01,-5.03,-5.05,-5.07,-5.09,-5.1,-5.12,-5.13,-5.14,-5.15,-5.16,-5.17,-5.17,-5.18,-5.18,-5.18,-5.18,-5.17,-5.17,-5.16,-5.16,-5.15,-5.14,-5.13,-5.11,-5.1,-5.08,-5.06,-5.04,-5.02,-5.0,-4.98,-4.95,-4.93,-4.9,-4.87,-4.84,-4.8,-4.77,-4.74,-4.7,-4.66,-4.62,-4.58,-4.54,-4.49,-4.45,-4.4,-4.36,-4.31,-4.26,-4.2,-4.15
-13.05,-12.64,-11.12,-7.54,-7.19,-7.07,-6.53,-6.07,-5.77,-5.39,-5.43,-5.45,-5.45,-5.45,-5.34,-4.86,-4.82,-4.8,-4.77,-4.76,-4.79,-4.82,-4.84,-4.87,-4.89,-4.92,-4.94,-4.96,-4.97,-4.99,-5.01,-5.02,-5.03,-5.04,-5.05,-5.06,-5.07,-5.07,-5.08,-5.08,-5.08,-5.08,-5.07,-5.07,-5.07,-5.06,-5.05,-5.04,-5.03,-5.01,-5.0,-4.98,-4.97,-4.95,-4.93,-4.91,-4.88,-4.86,-4.83,-4.8,-4.77,-4.74,-4.71,-4.68,-4.64,-4.61,-4.57,-4.53,-4.49,-4.45,-4.41,-4.36,-4.32,-4.27,-4.22,-4.18,-4.12,-4.07
-13.39,-13.28,-12.9,-9.68,-7.22,-7.45,-7.28,-6.27,-5.53,-5.39,-5.39,-5.38,-5.36,-5.26,-5.11,-4.86,-4.8,-4.77,-4.72,-4.66,-4.69,-4.72,-4.75,-4.77,-4.8,-4.82,-4.84,-4.86,-4.88,-4.89,-4.91,-4.92,-4.93,-4.94,-4.95,-4.96,-4.97,-4.97,-4.97,-4.98,-4.98,-4.98,-4.97,-4.97,-4.96,-4.96,-4.95,-4.94,-4.93,-4.91,-4.9,-4.88,-4.87,-4.85,-4.83,-4.81,-4.78,-4.76,-4.74,-4.71,-4.68,-4.65,-4.62,-4.59,-4.55,-4.52,-4.48,-4.44,-4.4,-4.36,-4.32,-4.28,-4.23,-4.19,-4.14,-4.09,-4.04,-3.99
-13.72,-13.61,-13.51,-12.56,-8.26,-7.55,-7.44,-7.23,-5.6,-5.36,-5.27,-5.2,-5.14,-5.01,-4.91,-4.86,-4.83,-4.76,-4.7,-4.62,-4.6,-4.62,-4.65,-4.67,-4.7,-4.72,-4.74,-4.76,-4.77,-4.79,-4.81,-4.82,-4.83,-4.84,-4.85,-4.86,-4.86,-4.87,-4.87,-4.87,-4.87,-4.87,-4.87,-4.87,-4.86,-4.85,-4.85,-4.84,-4.83,-4.81,-4.8,-4.78,-4.77,-4.75,-4.73,-4.71,-4.69,-4.66,-4.64,-4.61,-4.58,-4.55,-4.52,-4.49,-4.46,-4.42,-4.39,-4.35,-4.31,-4.27,-4.23,-4.19,-4.15,-4.1,-4.06,-4.01,-3.96,-3.91
-14.04,-13.94,-13.84,-13.76,-12.92,-6.95,-7.3,-7.11,-6.26,-5.29,-5.09,-5.03,-4.93,-4.86,-4.81,-4.82,-4.81,-4.74,-4.67,-4.59,-4.5,-4.52,-4.55,-4.57,-4.6,-4.62,-4.64,-4.66,-4.67,-4.69,-4.7,-4.72,-4.73,-4.74,-4.75,-4.75,-4.76,-4.76,-4.77,-4.77,-4.77,-4.77,-4.77,-4.76,-4.76,-4.75,-4.74,-4.73,-4.72,-4.71,-4.7,-4.68,-4.67,-4.65,-4.63,-4.61,-4.59,-4.56,-4.54,-4.51,-4.49,-4.46,-4.43,-4.4,-4.36,-4.33,-4.29,-4.26,-4.22,-4.18,-4.14,-4.1,-4.06,-4.02,-3.97,-3.92,-3.88,-3.83
-14.37,-14.27,-14.17,-14.07,-13.84,-12.76,-7.07,-7.32,-7.07,-5.7,-5.07,-4.89,-4.82,-4.78,-4.75,-4.75,-4.75,-4.68,-4.62,-4.54,-4.45,-4.42,-4.45,-4.47,-4.49,-4.51,-4.53,-4.55,-4.57,-4.58,-4.6,-4.61,-4.62,-4.63,-4.64,-4.65,-4.65,-4.66,-4.66,-4.66,-4.66,-4.66,-4.66,-4.66,-4.65,-4.65,-4.64,-4.63,-4.62,-4.61,-4.59,-4.58,-4.56,-4.54,-4.53,-4.51,-4.48,-4.46,-4.44,-4.41,-4.39,-4.36,-4.33,-4.3,-4.27,-4.23,-4.2,-4.16,-4.13,-4.09,-4.05,-4.01,-3.97,-3.93,-3.88,-3.84,-3.79,-3.75
-14.68,-14.59,-14.49,-14.4,-14.3,-13.91,-12.91,-9.47,-7.29,-6.39,-5.25,-4.78,-4.72,-4.69,-4.68,-4.67,-4.66,-4.6,-4.53,-4.47,-4.4,-4.32,-4.35,-4.37,-4.39,-4.41,-4.43,-4.45,-4.46,-4.48,-4.49,-4.51,-4.52,-4.53,-4.53,-4.54,-4.55,-4.55,-4.56,-4.56,-4.56,-4.56,-4.55,-4.55,-4.55,-4.54,-4.53,-4.52,-4.51,-4.5,-4.49,-4.47,-4.46,-4.44,-4.42,-4.4,-4.38,-4.36,-4.34,-4.31,-4.29,-4.26,-4.23,-4.2,-4.17,-4.14,-4.1,-4.07,-4.03,-4.0,-3.96,-3.92,-3.88,-3.84,-3.8,-3.75,-3.71,-3.66
-15.0,-14.9,-14.81,-14.72,-14.63,-14.52,-13.85,-13.2,-12.47,-9.22,-5.61,-4.8,-4.64,-4.64,-4.61,-4.57,-4.52,-4.47,-4.42,-4.36,-4.32,-4.25,-4.24,-4.27,-4.29,-4.31,-4.32,-4.34,-4.36,-4.37,-4.39,-4.4,-4.41,-4.42,-4.43,-4.43,-4.44,-4.44,-4.45,-4.45,-4.45,-4.45,-4.45,-4.44,-4.44,-4.43,-4.42,-4.41,-4.4,-4.39,-4.38,-4.37,-4.35,-4.34,-4.32,-4.3,-4.28,-4.26,-4.23,-4.21,-4.18,-4.16,-4.13,-4.1,-4.07,-4.04,-4.01,-3.97,-3.94,-3.9,-3.87,-3.83,-3.79,-3.75,-3.71,-3.66,-3.62,-3.57
-15.31,-15.21,-15.12,-15.03,-14.95,-14.86,-14.61,-13.95,-13.41,-12.89,-11.74,-4.72,-4.62,-4.58,-4.49,-4.41,-4.35,-4.33,-4.3,-4.27,-4.23,-4.17,-4.14,-4.16,-4.18,-4.2,-4.22,-4.24,-4.25,-4.26,-4.28,-4.29,-4.3,-4.31,-4.32,-4.32,-4.33,-4.33,-4.34,-4.34,-4.34,-4.34,-4.34,-4.33,-4.33,-4.32,-4.31,-4.31,-4.3,-4.28,-4.27,-4.26,-4.24,-4.23,-4.21,-4.19,-4.17,-4.15,-4.13,-4.11,-4.08,-4.06,-4.03,-4.0,-3.97,-3.94,-3.91,-3.88,-3.84,-3.81,-3.77,-3.73,-3.7,-3.66,-3.62,-3.57,-3.53,-3.49
-15.61,-15.52,-15.43,-15.35,-15.26,-15.17,-15.09,-14.1,-14.02,-13.64,-12.62,-14.2,-4.88,-4.35,-4.24,-4.21,-4.19,-4.17,-4.16,-4.15,-4.13,-4.1,-4.05,-4.05,-4.07,-4.09,-4.11,-4.13,-4.14,-4.16,-4.17,-4.18,-4.19,-4.2,-4.21,-4.21,-4.22,-4.22,-4.23,-4.23,-4.23,-4.23,-4.22,-4.22,-4.22,-4.21,-4.2,-4.2,-4.19,-4.18,-4.16,-4.15,-4.14,-4.12,-4.1,-4.08,-4.07,-4.05,-4.02,-4.0,-3.98,-3.95,-3.93,-3.9,-3.87,-3.84,-3.81,-3.78,-3.74,-3.71,-3.67,-3.64,-3.6,-3.56,-3.52,-3.48,-3.44,-3.4
-15.91,-15.82,-15.74,-15.65,-15.57,-15.49,-15.4,-15.32,-14.8,-14.28,-14.2,-14.06,-6.75,-4.03,-4.03,-4.03,-4.02,-4.02,-4.02,-4.02,-4.02,-4.01,-3.98,-3.95,-3.97,-3.98,-4.0,-4.02,-4.03,-4.05,-4.06,-4.07,-4.08,-4.09,-4.1,-4.1,-4.11,-4.11,-4.11,-4.11,-4.12,-4.11,-4.11,-4.11,-4.1,-4.1,-4.09,-4.08,-4.07,-4.06,-4.05,-4.04,-4.03,-4.01,-3.99,-3.98,-3.96,-3.94,-3.92,-3.89,-3.87,-3.85,-3.82,-3.79,-3.77,-3.74,-3.71,-3.68,-3.64,-3.61,-3.58,-3.54,-3.51,-3.47,-3.43,-3.39,-3.35,-3.31
-16.21,-16.12,-16.04,-15.96,-15.87,-15.79,-15.71,-15.64,-15.56,-15.04,-14.52,-14.46,-11.2,-3.89,-3.84,-3.85,-3.86,-3.88,-3.89,-3.89,-3.89,-3.89,-3.87,-3.85,-3.86,-3.87,-3.89,-3.91,-3.92,-3.93,-3.95,-3.96,-3.97,-3.97,-3.98,-3.99,-3.99,-4.0,-4.0,-4.0,-4.0,-4.0,-4.0,-4.0,-3.99,-3.99,-3.98,-3.97,-3.96,-3.95,-3.94,-3.93,-3.91,-3.9,-3.88,-3.87,-3.85,-3.83,-3.81,-3.79,-3.76,-3.74,-3.72,-3.69,-3.66,-3.64,-3.61,-3.58,-3.54,-3.51,-3.48,-3.45,-3.41,-3.37,-3.34,-3.3,-3.26,-3.22
-16.49,-16.41,-16.33,-16.25,-16.17,-16.1,-16.02,-15.94,-15.87,-15.8,-14.84,-14.77,-14.71,-8.83,-3.74,-3.74,-3.77,-3.77,-3.77,-3.76,-3.76,-3.75,-3.74,-3.73,-3.75,-3.76,-3.78,-3.79,-3.81,-3.82,-3.83,-3.84,-3.85,-3.86,-3.87,-3.87,-3.88,-3.88,-3.88,-3.89,-3.89,-3.89,-3.88,-3.88,-3.88,-3.87,-3.86,-3.86,-3.85,-3.84,-3.83,-3.82,-3.8,-3.79,-3.77,-3.76,-3.74,-3.72,-3.7,-3.68,-3.66,-3.63,-3.61,-3.59,-3.56,-3.53,-3.5,-3.47,-3.44,-3.41,-3.38,-3.35,-3.31,-3.28,-3.24,-3.2,-3.17,-3.13
-16.78,-16.7,-16.62,-16.54,-16.47,-16.39,-16.32,-16.25,-16.17,-16.1,-16.03,-15.08,-15.02,-14.97,-10.69,-3.88,-3.65,-3.66,-3.65,-3.64,-3.63,-3.62,-3.61,-3.62,-3.63,-3.65,-3.67,-3.68,-3.69,-3.71,-3.72,-3.73,-3.74,-3.74,-3.75,-3.76,-3.76,-3.77,-3.77,-3.77,-3.77,-3.77,-3.77,-3.76,-3.76,-3.76,-3.75,-3.74,-3.73,-3.72,-3.71,-3.7,-3.69,-3.67,-3.66,-3.64,-3.63,-3.61,-3.59,-3.57,-3.55,-3.53,-3.5,-3.48,-3.45,-3.43,-3.4,-3.37,-3.34,-3.31,-3.28,-3.25,-3.22,-3.18,-3.15,-3.11,-3.07,-3.04
-17.06,-16.98,-16.91,-16.83,-16.76,-16.69,-16.61,-16.54,-16.47,-16.4,-16.34,-16.27,-15.33,-15.27,-15.22,-8.0,-3.54,-3.54,-3.55,-3.54,-3.52,-3.49,-3.49,-3.5,-3.52,-3.54,-3.55,-3.57,-3.58,-3.59,-3.6,-3.61,-3.62,-3.63,-3.64,-3.64,-3.65,-3.65,-3.65,-3.65,-3.65,-3.65,-3.65,-3.65,-3.64,-3.64,-3.63,-3.63,-3.62,-3.61,-3.6,-3.59,-3.57,-3.56,-3.55,-3.53,-3.51,-3.5,-3.48,-3.46,-3.44,-3.42,-3.39,-3.37,-3.35,-3.32,-3.29,-3.27,-3.24,-3.21,-3.18,-3.15,-3.12,-3.08,-3.05,-3.02,-2.98,-2.94
-17.33,-17.26,-17.19,-17.11,-17.04,-16.97,-16.9,-16.84,-16.77,-16.7,-16.64,-16.57,-16.51,-15.58,-15.52,-15.47,-5.69,-3.43,-3.45,-3.46,-3.45,-3.41,-3.37,-3.39,-3.41,-3.42,-3.44,-3.45,-3.46,-3.48,-3.49,-3.49,-3.5,-3.51,-3.52,-3.52,-3.53,-3.53,-3.53,-3.53,-3.53,-3.53,-3.53,-3.53,-3.53,-3.52,-3.51,-3.51,-3.5,-3.49,-3.48,-3.47,-3.46,-3.45,-3.43,-3.42,-3.4,-3.38,-3.37,-3.35,-3.33,-3.31,-3.28,-3.26,-3.24,-3.21,-3.19,-3.16,-3.13,-3.1,-3.07,-3.04,-3.01,-2.97,-2.94,-2.91,-2.88,-2.84
-17.6,-17.53,-17.46,-17.39,-17.32,-17.26,-17.19,-17.12,-17.06,-16.99,-16.93,-16.87,-16.81,-16.75,-15.83,-15.78,-12.77,-5.35,-3.3,-3.3,-3.27,-3.24,-3.26,-3.28,-3.29,-3.31,-3.32,-3.33,-3.35,-3.36,-3.37,-3.38,-3.38,-3.39,-3.4,-3.4,-3.41,-3.41,-3.41,-3.41,-3.41,-3.41,-3.41,-3.41,-3.41,-3.4,-3.4,-3.39,-3.38,-3.37,-3.36,-3.35,-3.34,-3.33,-3.32,-3.3,-3.29,-3.27,-3.25,-3.23,-3.22,-3.2,-3.17,-3.15,-3.13,-3.1,-3.08,-3.05,-3.02,-2.99,-2.96,-2.93,-2.9,-2.87,-2.83,-2.8,-2.77,-2.74
-17.87,-17.8,-17.73,-17.66,-17.6,-17.53,-17.47,-17.4,-17.34,-17.28,-17.22,-17.16,-17.1,-17.04,-16.99,-16.07,-16.06,-12.53,-3.38,-3.05,-3.05,-3.09,-3.15,-3.16,-3.18,-3.19,-3.2,-3.22,-3.23,-3.24,-3.25,-3.26,-3.27,-3.27,-3.28,-3.28,-3.29,-3.29,-3.29,-3.29,-3.29,-3.29,-3.29,-3.29,-3.29,-3.28,-3.28,-3.27,-3.26,-3.25,-3.24,-3.23,-3.22,-3.21,-3.2,-3.18,-3.17,-3.15,-3.14,-3.12,-3.1,-3.08,-3.06,-3.04,-3.02,-2.99,-2.96,-2.94,-2.91,-2.88,-2.85,-2.82,-2.79,-2.76,-2.73,-2.7,-2.66,-2.63
-18.12,-18.06,-17.99,-17.93,-17.87,-17.8,-17.74,-17.68,-17.62,-17.56,-17.5,-17.45,-17.39,-17.33,-17.28,-16.37,-16.68,-16.49,-6.6,-2.99,-3.03,-3.05,-3.03,-3.04,-3.06,-3.07,-3.09,-3.1,-3.11,-3.12,-3.13,-3.14,-3.15,-3.15,-3.16,-3.16,-3.17,-3.17,-3.17,-3.17,-3.17,-3.17,-3.17,-3.17,-3.16,-3.16,-3.16,-3.15,-3.14,-3.13,-3.13,-3.12,-3.1,-3.09,-3.08,-3.07,-3.05,-3.04,-3.02,-3.01,-2.99,-2.97,-2.95,-2.93,-2.9,-2.88,-2.86,-2.83,-2.8,-2.77,-2.74,-2.71,-2.68,-2.65,-2.62,-2.59,-2.56,-2.53
