public/data/weather/current/current-wind-surface-level-gfs-1.0.json
{"header": {"discipline":0,"disciplineName":"Meteorological products","gribEdition":2,"gribLength":131858,"center":7,"centerName":"US National Weather Service - NCEP(WMC)","subcenter":0,"refTime":"2014-01-31T00:00:00.000Z","significanceOfRT":1,"significanceOfRTName":"Start of forecast","productStatus":0,"productStatusName":"Operational products","productType":1,"productTypeName":"Forecast products","productDefinitionTemplate":0,"productDefinitionTemplateName":"Analysis/forecast at horizontal level/layer at a point in time","parameterCategory":2,"parameterCategoryName":"Momentum","parameterNumber":3,"parameterNumberName":"V-component_of_wind","parameterUnit":"m.s-1","genProcessType":2,"genProcessTypeName":"Forecast","forecastTime":3,"surface1Type":103,"surface1TypeName":"Specified height level above ground","surface1Value":10,"surface2Type":255,"surface2TypeName":"Missing","surface2Value":0,"gridDefinitionTemplate":0,"gridDefinitionTemplateName":"Latitude_Longitude","numberPoints":65160,"shape":6,"shapeName":"Earth spherical with radius of 6,371,229.0 m","gridUnits":"degrees","resolution":48,"winds":"true","scanMode":0,"nx":360,"ny":181,"basicAngle":0,"subDivisions":0,"lo1":0,"la1":90,"lo2":359,"la2":-90,"dx":1,"dy":1}, "data":
[rows 111 to 147 of 181, columns 246 to 327 of 360]
-2.58,-2.33,-2.08,-1.83,-1.57,-1.32,-1.06,-0.81,-0.56,-0.3,-0.05,0.21,0.46,0.72,0.97,1.23,1.48,1.73,1.99,2.24,2.49,2.74,2.99,3.24,3.49,3.73,3.98,4.23,4.47,4.71,4.95,5.19,5.43,5.66,5.9,6.13,6.36,6.59,6.81,7.04,7.26,7.48,7.7,7.79,6.14,5.66,5.24,4.38,4.32,4.34,3.88,3.71,3.8,3.83,3.87,3.9,3.93,3.96,3.98,4.01,4.03,4.06,4.08,4.1,4.12,4.14,4.16,4.17,4.19,4.2,4.22,4.23,4.24,4.24,4.25,4.26,4.26,4.27,4.27,4.27,4.27,4.27
3.98,-2.21,-2.08,-1.83,-1.57,-1.32,-1.06,-0.81,-0.56,-0.3,-0.05,0.21,0.46,0.72,0.97,1.23,1.48,1.73,1.99,2.24,2.49,2.74,2.99,3.24,3.49,3.73,3.98,4.23,4.47,4.71,4.95,5.19,5.43,5.66,5.9,6.13,6.36,6.59,6.81,7.04,7.26,7.48,7.7,7.83,6.11,5.87,5.54,4.41,4.38,4.25,3.82,3.75,3.8,3.83,3.87,3.9,3.93,3.96,3.98,4.01,4.03,4.06,4.08,4.1,4.12,4.14,4.16,4.17,4.19,4.2,4.22,4.23,4.24,4.24,4.25,4.26,4.26,4.27,4.27,4.27,4.27,4.27
10.54,4.17,-2.24,-1.83,-1.57,-1.32,-1.06,-0.81,-0.56,-0.3,-0.05,0.21,0.46,0.72,0.97,1.23,1.48,1.73,1.99,2.24,2.49,2.74,2.99,3.24,3.49,3.73,3.98,4.23,4.47,4.71,4.95,5.19,5.43,5.66,5.9,6.13,6.36,6.59,6.81,7.04,7.26,7.48,7.7,8.01,6.43,5.84,5.47,4.55,4.37,4.06,3.84,3.77,3.8,3.83,3.87,3.9,3.93,3.96,3.98,4.01,4.03,4.06,4.08,4.1,4.12,4.14,4.16,4.17,4.19,4.2,4.22,4.23,4.24,4.24,4.25,4.26,4.26,4.27,4.27,4.27,4.27,4.27
10.78,4.14,-2.29,-1.83,-1.57,-1.32,-1.06,-0.81,-0.56,-0.3,-0.05,0.21,0.46,0.72,0.97,1.23,1.48,1.73,1.99,2.24,2.49,2.74,2.99,3.24,3.49,3.73,3.98,4.23,4.47,4.71,4.95,5.19,5.43,5.66,5.9,6.13,6.36,6.59,6.81,7.04,7.26,7.48,7.7,7.62,6.21,5.2,4.93,4.58,4.34,3.97,3.83,3.77,3.8,3.83,3.87,3.9,3.93,3.96,3.98,4.01,4.03,4.06,4.08,4.1,4.12,4.14,4.16,4.17,4.19,4.2,4.22,4.23,4.24,4.24,4.25,4.26,4.26,4.27,4.27,4.27,4.27,4.27
10.78,4.14,-2.29,-1.83,-1.57,-1.32,-1.06,-0.81,-0.56,-0.3,-0.05,0.21,0.46,0.72,0.97,1.23,1.48,1.73,1.99,2.24,2.49,2.74,2.99,3.24,3.49,3.73,3.98,4.23,4.47,4.71,4.95,5.19,5.43,5.66,5.9,6.13,6.36,6.59,6.81,7.04,7.26,7.48,7.7,7.15,5.76,4.9,4.74,4.58,4.33,3.95,3.79,3.77,3.8,3.83,3.87,3.9,3.93,3.96,3.98,4.01,4.03,4.06,4.08,4.1,4.12,4.14,4.16,4.17,4.19,4.2,4.22,4.23,4.24,4.24,4.25,4.26,4.26,4.27,4.27,4.27,4.27,4.27
10.78,4.14,-2.08,-1.83,-1.57,-1.32,-1.06,-0.81,-0.56,-0.3,-0.05,0.21,0.46,0.72,0.97,1.23,1.48,1.73,1.99,2.24,2.49,2.74,2.99,3.24,3.49,3.73,3.98,4.23,4.47,4.71,4.95,5.19,5.43,5.66,5.9,6.13,6.36,6.59,6.81,7.04,7.26,7.48,7.7,7.05,5.62,5.08,4.76,4.59,4.35,3.97,3.78,3.77,3.8,3.83,3.87,3.9,3.93,3.96,3.98,4.01,4.03,4.06,4.08,4.1,4.12,4.14,4.16,4.17,4.19,4.2,4.22,4.23,4.24,4.24,4.25,4.26,4.26,4.27,4.27,4.27,4.27,4.27
8.18,-2.33,-2.08,-1.83,-1.57,-1.32,-1.06,-0.81,-0.56,-0.3,-0.05,0.21,0.46,0.72,0.97,1.23,1.48,1.73,1.99,2.24,2.49,2.74,2.99,3.24,3.49,3.73,3.98,4.23,4.47,4.71,4.95,5.19,5.43,5.66,5.9,6.13,6.36,6.59,6.81,7.04,7.26,7.48,7.7,6.74,5.48,5.32,4.86,4.57,4.2,3.72,3.74,3.77,3.8,3.83,3.87,3.9,3.93,3.96,3.98,4.01,4.03,4.06,4.08,4.1,4.12,4.14,4.16,4.17,4.19,4.2,4.22,4.23,4.24,4.24,4.25,4.26,4.26,4.27,4.27,4.27,4.27,4.27
8.18,8.03,-2.08,-1.83,-1.57,-1.32,-1.06,-0.81,-0.56,-0.3,-0.05,0.21,0.46,0.72,0.97,1.23,1.48,1.73,1.99,2.24,2.49,2.74,2.99,3.24,3.49,3.73,3.98,4.23,4.47,4.71,4.95,5.19,5.43,5.66,5.9,6.13,6.36,6.59,6.81,7.04,7.26,7.48,7.64,5.83,5.57,5.15,4.65,4.3,4.18,3.97,3.77,3.77,3.8,3.83,3.87,3.9,3.93,3.96,3.98,4.01,4.03,4.06,4.08,4.1,4.12,4.14,4.16,4.17,4.19,4.2,4.22,4.23,4.24,4.24,4.25,4.26,4.26,4.27,4.27,4.27,4.27,4.27
8.18,8.03,-2.08,-1.83,-1.57,-1.32,-1.06,-0.81,-0.56,-0.3,-0.05,0.21,0.46,0.72,0.97,1.23,1.48,1.73,1.99,2.24,2.49,2.74,2.99,3.24,3.49,3.73,3.98,4.23,4.47,4.71,4.95,5.19,5.43,5.66,5.9,6.13,6.36,6.59,6.81,7.04,7.26,7.48,7.46,6.04,5.56,5.0,4.44,4.26,4.13,3.87,3.74,3.77,3.8,3.83,3.87,3.9,3.93,3.96,3.98,4.01,4.03,4.06,4.08,4.1,4.12,4.14,4.16,4.17,4.19,4.2,4.22,4.23,4.24,4.24,4.25,4.26,4.26,4.27,4.27,4.27,4.27,4.27
8.18,8.03,7.89,-1.83,-1.57,-1.32,-1.06,-0.81,-0.56,-0.3,-0.05,0.21,0.46,0.72,0.97,1.23,1.48,1.73,1.99,2.24,2.49,2.74,2.99,3.24,3.49,3.73,3.98,4.23,4.47,4.71,4.95,5.19,5.43,5.66,5.9,6.13,6.36,6.59,6.81,7.04,7.26,7.48,7.51,5.71,5.6,4.88,4.29,4.13,3.97,3.78,3.74,3.77,3.8,3.83,3.87,3.9,3.93,3.96,3.98,4.01,4.03,4.06,4.08,4.1,4.12,4.14,4.16,4.17,4.19,4.2,4.22,4.23,4.24,4.24,4.25,4.26,4.26,4.27,4.27,4.27,4.27,4.27
8.18,8.03,7.89,-1.83,-1.57,-1.32,-1.06,-0.81,-0.56,-0.3,-0.05,0.21,0.46,0.72,0.97,1.23,1.48,1.73,1.99,2.24,2.49,2.74,2.99,3.24,3.49,3.73,3.98,4.23,4.47,4.71,4.95,5.19,5.43,5.66,5.9,6.13,6.36,6.59,6.81,7.04,7.26,7.48,7.07,5.95,5.55,4.67,4.2,3.95,3.83,3.77,3.75,3.77,3.8,3.83,3.87,3.9,3.93,3.96,3.98,4.01,4.03,4.06,4.08,4.1,4.12,4.14,4.16,4.17,4.19,4.2,4.22,4.23,4.24,4.24,4.25,4.26,4.26,4.27,4.27,4.27,4.27,4.27
8.18,8.03,33.44,21.49,3.98,-1.32,-1.06,-0.81,-0.56,-0.3,-0.05,0.21,0.46,0.72,0.97,1.23,1.48,1.73,1.99,2.24,2.49,2.74,2.99,3.24,3.49,3.73,3.98,4.23,4.47,4.71,4.95,5.19,5.43,5.66,5.9,6.13,6.36,6.59,6.81,7.04,7.26,7.48,6.94,6.24,5.44,4.5,3.99,3.89,3.8,3.79,3.74,3.77,3.8,3.83,3.87,3.9,3.93,3.96,3.98,4.01,4.03,4.06,4.08,4.1,4.12,4.14,4.16,4.17,4.19,4.2,4.22,4.23,4.24,4.24,4.25,4.26,4.26,4.27,4.27,4.27,4.27,4.27
8.18,8.03,33.44,21.49,9.54,-1.32,-1.06,-0.81,-0.56,-0.3,-0.05,0.21,0.46,0.72,0.97,1.23,1.48,1.73,1.99,2.24,2.49,2.74,2.99,3.24,3.49,3.73,3.98,4.23,4.47,4.71,4.95,5.19,5.43,5.66,5.9,6.13,6.36,6.59,6.81,7.04,7.26,7.48,7.32,5.85,5.21,4.47,3.92,3.78,3.77,3.75,3.73,3.77,3.8,3.83,3.87,3.9,3.93,3.96,3.98,4.01,4.03,4.06,4.08,4.1,4.12,4.14,4.16,4.17,4.19,4.2,4.22,4.23,4.24,4.24,4.25,4.26,4.26,4.27,4.27,4.27,4.27,4.27
8.18,8.03,33.44,21.49,9.54,-1.32,-1.06,-0.81,-0.56,-0.3,-0.05,0.21,0.46,0.72,0.97,1.23,1.48,1.73,1.99,2.24,2.49,2.74,2.99,3.24,3.49,3.73,3.98,4.23,4.47,4.71,4.95,5.19,5.43,5.66,5.9,6.13,6.36,6.59,6.81,7.04,7.26,7.47,6.6,6.08,5.19,4.46,4.0,3.8,3.68,3.7,3.73,3.77,3.8,3.83,3.87,3.9,3.93,3.96,3.98,4.01,4.03,4.06,4.08,4.1,4.12,4.14,4.16,4.17,4.19,4.2,4.22,4.23,4.24,4.24,4.25,4.26,4.26,4.27,4.27,4.27,4.27,4.27
8.18,8.03,7.89,14.61,1.26,1.33,-1.06,-0.81,-0.56,-0.3,-0.05,0.21,0.46,0.72,0.97,1.23,1.48,1.73,1.99,2.24,2.49,2.74,2.99,3.24,3.49,3.73,3.98,4.23,4.47,4.71,4.95,5.19,5.43,5.66,5.9,6.13,6.36,6.59,6.81,7.04,7.26,7.46,6.6,5.86,4.97,4.18,3.87,3.75,3.66,3.69,3.73,3.77,3.8,3.83,3.87,3.9,3.93,3.96,3.98,4.01,4.03,4.06,4.08,4.1,4.12,4.14,4.16,4.17,4.19,4.2,4.22,4.23,4.24,4.24,4.25,4.26,4.26,4.27,4.27,4.27,4.27,4.27
8.18,8.03,7.89,7.73,1.26,1.33,1.39,1.46,1.53,1.6,1.67,1.73,1.13,1.29,0.97,1.23,1.48,1.73,1.99,2.24,2.49,2.74,2.99,3.24,3.49,3.73,3.98,4.23,4.47,4.71,4.95,5.19,5.43,5.66,5.9,6.13,6.36,6.59,6.81,7.04,7.29,7.56,6.05,4.92,4.06,3.74,3.65,3.63,3.66,3.69,3.73,3.77,3.8,3.83,3.87,3.9,3.93,3.96,3.98,4.01,4.03,4.06,4.08,4.1,4.12,4.14,4.16,4.17,4.19,4.2,4.22,4.23,4.24,4.24,4.25,4.26,4.26,4.27,4.27,4.27,4.27,4.27
8.18,8.03,7.89,7.73,1.26,1.33,1.39,1.46,1.53,1.6,1.67,1.73,1.8,1.86,1.93,1.99,2.06,2.12,2.08,2.24,2.49,2.74,2.99,3.24,3.49,3.73,3.98,4.23,4.47,4.71,4.95,5.19,5.43,5.66,5.9,6.13,6.36,6.59,6.81,7.04,7.38,6.9,5.24,3.86,3.65,3.6,3.57,3.62,3.66,3.69,3.73,3.77,3.8,3.83,3.87,3.9,3.93,3.96,3.98,4.01,4.03,4.06,4.08,4.1,4.12,4.14,4.16,4.17,4.19,4.2,4.22,4.23,4.24,4.24,4.25,4.26,4.26,4.27,4.27,4.27,4.27,4.27
8.18,8.03,7.89,4.46,1.26,1.33,1.39,1.46,1.53,1.6,1.67,1.73,1.8,1.86,1.93,1.99,2.06,2.12,2.18,2.24,2.49,2.74,2.99,3.24,3.49,3.73,3.98,4.23,4.47,4.71,4.95,5.19,5.43,5.66,5.9,6.13,6.36,6.59,6.81,7.04,7.07,7.46,3.99,3.46,3.54,3.54,3.58,3.62,3.66,3.69,3.73,3.77,3.8,3.83,3.87,3.9,3.93,3.96,3.98,4.01,4.03,4.06,4.08,4.1,4.12,4.14,4.16,4.17,4.19,4.2,4.22,4.23,4.24,4.24,4.25,4.26,4.26,4.27,4.27,4.27,4.27,4.27
8.18,8.03,7.89,4.46,1.26,1.33,1.39,1.46,1.53,1.6,1.67,1.73,1.8,1.86,1.93,1.99,2.06,2.12,2.18,2.24,2.31,2.55,2.43,3.24,3.49,3.73,3.98,4.23,4.47,4.71,4.95,5.19,5.43,5.66,5.9,6.13,6.36,6.59,6.81,7.04,6.88,6.21,3.83,3.26,3.49,3.54,3.58,3.62,3.66,3.69,3.73,3.77,3.8,3.83,3.87,3.9,3.93,3.96,3.98,4.01,4.03,4.06,4.08,4.1,4.12,4.14,4.16,4.17,4.19,4.2,4.22,4.23,4.24,4.24,4.25,4.26,4.26,4.27,4.27,4.27,4.27,4.27
8.18,8.03,7.89,7.73,1.26,1.33,1.39,1.46,1.53,1.6,1.67,1.73,1.8,1.86,1.93,1.99,2.06,2.12,2.18,2.24,2.31,2.37,2.43,3.24,3.49,3.73,3.98,4.23,4.47,4.71,4.95,5.19,5.43,5.66,5.9,6.13,6.36,6.59,6.81,7.04,6.76,5.7,3.92,3.45,3.49,3.54,3.58,3.62,3.66,3.69,3.73,3.77,3.8,3.83,3.87,3.9,3.93,3.96,3.98,4.01,4.03,4.06,4.08,4.1,4.12,4.14,4.16,4.17,4.19,4.2,4.22,4.23,4.24,4.24,4.25,4.26,4.26,4.27,4.27,4.27,4.27,4.27
8.18,8.03,7.89,7.73,1.26,1.33,1.39,1.46,1.53,1.6,1.67,1.73,1.8,1.86,1.93,1.99,2.06,2.12,2.18,2.24,2.31,2.37,2.43,2.86,3.49,3.73,3.98,4.23,4.47,4.71,4.95,5.19,5.43,5.66,5.9,6.13,6.36,6.59,6.81,6.95,6.66,5.01,3.6,3.45,3.49,3.54,3.58,3.62,3.66,3.69,3.73,3.77,3.8,3.83,3.87,3.9,3.93,3.96,3.98,4.01,4.03,4.06,4.08,4.1,4.12,4.14,4.16,4.17,4.19,4.2,4.22,4.23,4.24,4.24,4.25,4.26,4.26,4.27,4.27,4.27,4.27,4.27
8.18,8.03,7.89,7.73,1.26,1.33,1.39,1.46,1.53,1.6,1.67,1.73,1.8,1.86,1.93,1.99,2.06,2.12,2.18,2.24,2.31,2.37,2.43,2.48,2.54,2.6,2.66,2.71,2.77,2.82,2.88,5.19,5.43,5.66,5.9,6.13,6.36,6.59,6.81,6.93,6.12,3.86,3.66,3.45,3.49,3.54,3.58,3.62,3.66,3.69,3.73,3.77,3.8,3.83,3.87,3.9,3.93,3.96,3.98,4.01,4.03,4.06,4.08,4.1,4.12,4.14,4.16,4.17,4.19,4.2,4.22,4.23,4.24,4.24,4.25,4.26,4.26,4.27,4.27,4.27,4.27,4.27
8.18,8.03,7.89,1.19,1.26,1.33,1.39,1.46,1.53,1.6,1.67,1.73,1.8,1.86,1.93,1.99,2.06,2.12,2.18,2.24,2.31,2.37,2.43,2.48,2.54,2.6,2.66,2.71,2.77,2.82,2.88,4.06,5.43,5.66,5.9,6.13,6.36,6.59,6.81,6.81,5.68,3.81,3.43,3.45,3.49,3.54,3.58,3.62,3.66,3.69,3.73,3.77,3.8,3.83,3.87,3.9,3.93,3.96,3.98,4.01,4.03,4.06,4.08,4.1,4.12,4.14,4.16,4.17,4.19,4.2,4.22,4.23,4.24,4.24,4.25,4.26,4.26,4.27,4.27,4.27,4.27,4.27
8.18,8.03,1.12,1.19,1.26,1.33,1.39,1.46,1.53,1.6,1.67,1.73,1.8,1.86,1.93,1.99,2.06,2.12,2.18,2.24,2.31,2.37,2.43,2.48,2.54,2.6,2.66,2.71,2.77,2.82,2.88,2.93,5.43,5.66,5.9,6.13,6.36,6.59,6.81,6.59,5.24,3.7,3.37,3.45,3.49,3.54,3.58,3.62,3.66,3.69,3.73,3.77,3.8,3.83,3.87,3.9,3.93,3.96,3.98,4.01,4.03,4.06,4.08,4.1,4.12,4.14,4.16,4.17,4.19,4.2,4.22,4.23,4.24,4.24,4.25,4.26,4.26,4.27,4.27,4.27,4.27,4.27
8.18,8.03,1.12,1.19,1.26,1.33,1.39,1.46,1.53,1.6,1.67,1.73,1.8,1.86,1.93,1.99,2.06,2.12,2.18,2.24,2.31,2.37,2.43,2.48,2.54,2.6,2.66,2.71,2.77,2.82,2.88,2.93,2.98,3.03,3.08,3.13,4.77,6.59,6.81,4.66,3.23,3.49,3.41,3.45,3.49,3.54,3.58,3.62,3.66,3.69,3.73,3.77,3.8,3.83,3.87,3.9,3.93,3.96,3.98,4.01,4.03,4.06,4.08,4.1,4.12,4.14,4.16,4.17,4.19,4.2,4.22,4.23,4.24,4.24,4.25,4.26,4.26,4.27,4.27,4.27,4.27,4.27
8.18,8.03,1.12,1.19,1.26,1.33,1.39,1.46,1.53,1.6,1.67,1.73,1.8,1.86,1.93,1.99,2.06,2.12,2.18,2.24,2.31,2.37,2.43,2.48,2.54,2.6,2.66,2.71,2.77,2.82,2.88,2.93,2.98,3.03,3.08,3.13,3.18,3.22,3.27,3.41,3.34,3.39,3.41,3.45,3.49,3.54,3.58,3.62,3.66,3.69,3.73,3.77,3.8,3.83,3.87,3.9,3.93,3.96,3.98,4.01,4.03,4.06,4.08,4.1,4.12,4.14,4.16,4.17,4.19,4.2,4.22,4.23,4.24,4.24,4.25,4.26,4.26,4.27,4.27,4.27,4.27,4.27
8.18,8.03,1.12,1.19,1.26,1.33,1.39,1.46,1.53,1.6,1.67,1.73,1.8,1.86,1.93,1.99,2.06,2.12,2.18,2.24,2.31,2.37,2.43,2.48,2.54,2.6,2.66,2.71,2.77,2.82,2.88,2.93,2.98,3.03,3.08,3.13,3.18,3.22,3.26,3.26,3.4,3.4,3.41,3.45,3.49,3.54,3.58,3.62,3.66,3.69,3.73,3.77,3.8,3.83,3.87,3.9,3.93,3.96,3.98,4.01,4.03,4.06,4.08,4.1,4.12,4.14,4.16,4.17,4.19,4.2,4.22,4.23,4.24,4.24,4.25,4.26,4.26,4.27,4.27,4.27,4.27,4.27
8.18,1.05,1.12,1.19,1.26,1.33,1.39,1.46,1.53,1.6,1.67,1.73,1.8,1.86,1.93,1.99,2.06,2.12,2.18,2.24,2.31,2.37,2.43,2.48,2.54,2.6,2.66,2.71,2.77,2.82,2.88,2.93,2.98,3.03,3.08,3.13,3.18,3.22,3.22,3.22,3.31,3.36,3.41,3.45,3.49,3.54,3.58,3.62,3.66,3.69,3.73,3.77,3.8,3.83,3.87,3.9,3.93,3.96,3.98,4.01,4.03,4.06,4.08,4.1,4.12,4.14,4.16,4.17,4.19,4.2,4.22,4.23,4.24,4.24,4.25,4.26,4.26,4.27,4.27,4.27,4.27,4.27
8.18,1.05,1.12,1.19,1.26,1.33,1.39,1.46,1.53,1.6,1.67,1.73,1.8,1.86,1.93,1.99,2.06,2.12,2.18,2.24,2.31,2.37,2.43,2.48,2.54,2.6,2.66,2.71,2.77,2.82,2.88,2.93,2.98,3.03,3.08,3.13,3.18,3.23,3.24,3.23,3.24,3.29,3.4,3.45,3.49,3.54,3.58,3.62,3.66,3.69,3.73,3.77,3.8,3.83,3.87,3.9,3.93,3.96,3.98,4.01,4.03,4.06,4.08,4.1,4.12,4.14,4.16,4.17,4.19,4.2,4.22,4.23,4.24,4.24,4.25,4.26,4.26,4.27,4.27,4.27,4.27,4.27
0.98,1.05,1.12,1.19,1.26,1.33,1.39,1.46,1.53,1.6,1.67,1.73,1.8,1.86,1.93,1.99,2.06,2.12,2.18,2.24,2.31,2.37,2.43,2.48,2.54,2.6,2.66,2.71,2.77,2.82,2.88,2.93,2.98,3.03,3.08,3.13,3.18,3.22,3.23,3.16,3.14,3.23,3.41,3.45,3.49,3.54,3.58,3.62,3.66,3.69,3.73,3.77,3.8,3.83,3.87,3.9,3.93,3.96,3.98,4.01,4.03,4.06,4.08,4.1,4.12,4.14,4.16,4.17,4.19,4.2,4.22,4.23,4.24,4.24,4.25,4.26,4.26,4.27,4.27,4.27,4.27,4.27
0.98,1.05,1.12,1.19,1.26,1.33,1.39,1.46,1.53,1.6,1.67,1.73,1.8,1.86,1.93,1.99,2.06,2.12,2.18,2.24,2.31,2.37,2.43,2.48,2.54,2.6,2.66,2.71,2.77,2.82,2.88,2.93,2.98,3.03,3.08,3.13,3.18,3.22,3.15,2.85,2.8,3.06,3.41,3.45,3.49,3.54,3.58,3.62,3.66,3.69,3.73,3.77,3.8,3.83,3.87,3.9,3.93,3.96,3.98,4.01,4.03,4.06,4.08,4.1,4.12,4.14,4.16,4.17,4.19,4.2,4.22,4.23,4.24,4.24,4.25,4.26,4.26,4.27,4.27,4.27,4.27,4.27
0.98,1.05,1.12,1.19,1.26,1.33,1.39,1.46,1.53,1.6,1.67,1.73,1.8,1.86,1.93,1.99,2.06,2.12,2.18,2.24,2.31,2.37,2.43,2.48,2.54,2.6,2.66,2.71,2.77,2.82,2.88,2.93,2.98,3.03,3.08,3.13,3.18,3.22,2.73,2.1,2.28,2.77,3.41,3.45,3.49,3.54,3.58,3.62,3.66,3.69,3.73,3.77,3.8,3.83,3.87,3.9,3.93,3.96,3.98,4.01,4.03,4.06,4.08,4.1,4.12,4.14,4.16,4.17,4.19,4.2,4.22,4.23,4.24,4.24,4.25,4.26,4.26,4.27,4.27,4.27,4.27,4.27
0.98,1.05,1.12,1.19,1.26,1.33,1.39,1.46,1.53,1.6,1.67,1.73,1.8,1.86,1.93,1.99,2.06,2.12,2.18,2.24,2.31,2.37,2.43,2.48,2.54,2.6,2.66,2.71,2.77,2.82,2.88,2.93,2.98,3.03,3.08,3.13,3.18,3.22,1.87,1.93,1.99,2.21,2.68,3.69,3.5,3.54,3.58,3.62,3.66,3.69,3.73,3.77,3.8,3.83,3.87,3.9,3.93,3.96,3.98,4.01,4.03,4.06,3.89,3.88,3.77,3.77,3.88,3.78,3.29,3.76,4.22,4.23,4.24,4.24,4.25,4.26,4.26,4.27,4.27,4.27,4.27,4.27
0.98,1.05,1.12,1.19,1.26,1.33,1.39,1.46,1.53,1.6,1.67,1.73,1.8,1.86,1.93,1.99,2.06,2.12,2.18,2.24,2.31,2.37,2.43,2.48,2.54,2.6,2.66,2.71,2.77,2.82,2.88,2.93,2.98,3.03,3.08,3.13,3.18,3.22,3.27,1.93,1.98,2.04,2.1,2.17,2.5,3.32,3.95,3.66,3.49,3.69,3.49,3.51,3.22,3.22,3.3,3.34,3.38,3.41,3.49,3.38,3.32,3.19,3.06,3.1,3.14,3.18,3.22,3.25,3.29,3.32,3.35,3.39,3.83,4.24,4.25,4.26,4.26,4.27,4.27,4.27,4.27,4.27
0.98,1.05,1.12,1.19,1.26,1.33,1.39,1.46,1.53,1.6,1.67,1.73,1.8,1.86,1.93,1.99,2.06,2.12,2.18,2.24,2.31,2.37,2.43,2.48,2.54,2.6,2.66,2.71,2.77,2.82,2.88,2.93,2.98,3.03,3.08,3.13,3.18,3.22,3.27,3.31,2.67,2.04,2.1,2.15,2.21,2.26,2.31,2.37,2.42,2.47,2.52,2.57,2.62,2.67,2.72,2.76,2.81,2.85,2.9,2.94,2.98,3.02,3.06,3.1,3.14,3.18,3.22,3.25,3.29,3.32,3.35,3.39,3.42,3.45,3.48,3.5,3.9,4.27,4.27,4.27,4.27,3.64
0.98,1.05,1.12,1.19,1.26,1.33,1.39,1.46,1.53,1.6,1.67,1.73,1.8,1.86,1.93,1.99,2.06,2.12,2.18,2.24,2.31,2.37,2.43,2.48,2.54,2.6,2.66,2.71,2.77,2.82,2.88,2.93,2.98,3.03,3.08,3.13,3.18,3.22,3.27,3.31,3.36,3.4,2.77,2.15,2.21,2.26,2.31,2.37,2.42,2.47,2.52,2.57,2.62,2.67,2.72,2.76,2.81,2.85,2.9,2.94,2.98,3.02,3.06,3.1,3.14,3.18,3.22,3.25,3.29,3.32,3.35,3.39,3.42,3.45,3.48,3.5,3.53,3.55,3.58,3.6,3.62,3.64
0.98,1.05,1.12,1.19,1.26,1.33,1.39,1.46,1.53,1.6,1.67,1.73,1.8,1.86,1.93,1.99,2.06,2.12,2.18,2.24,2.31,2.37,2.43,2.48,2.54,2.6,2.66,2.71,2.77,2.82,2.88,2.93,2.98,3.03,3.08,3.13,3.18,3.22,3.27,3.31,3.36,3.4,3.44,3.48,3.52,2.91,2.31,2.37,2.42,2.47,2.52,2.57,2.62,2.67,2.72,2.76,2.81,2.85,2.9,2.94,2.98,3.02,3.06,3.1,3.14,3.18,3.22,3.25,3.29,3.32,3.35,3.39,3.42,3.45,3.48,3.5,3.53,3.55,3.58,3.6,3.62,3.64
