public/data/weather/current/current-wind-surface-level-gfs-1.0.json
{"header": {"discipline":0,"disciplineName":"Meteorological products","gribEdition":2,"gribLength":131858,"center":7,"centerName":"US National Weather Service - NCEP(WMC)","subcenter":0,"refTime":"2014-01-31T00:00:00.000Z","significanceOfRT":1,"significanceOfRTName":"Start of forecast","productStatus":0,"productStatusName":"Operational products","productType":1,"productTypeName":"Forecast products","productDefinitionTemplate":0,"productDefinitionTemplateName":"Analysis/forecast at horizontal level/layer at a point in time","parameterCategory":2,"parameterCategoryName":"Momentum","parameterNumber":3,"parameterNumberName":"V-component_of_wind","parameterUnit":"m.s-1","genProcessType":2,"genProcessTypeName":"Forecast","forecastTime":3,"surface1Type":103,"surface1TypeName":"Specified height level above ground","surface1Value":10,"surface2Type":255,"surface2TypeName":"Missing","surface2Value":0,"gridDefinitionTemplate":0,"gridDefinitionTemplateName":"Latitude_Longitude","numberPoints":65160,"shape":6,"shapeName":"Earth spherical with radius of 6,371,229.0 m","gridUnits":"degrees","resolution":48,"winds":"true","scanMode":0,"nx":360,"ny":181,"basicAngle":0,"subDivisions":0,"lo1":0,"la1":90,"lo2":359,"la2":-90,"dx":1,"dy":1}, "data":
[rows 37 to 73 of 181, columns 164 to 245 of 360]
9.34,9.46,9.58,9.69,9.8,9.91,8.5,5.66,2.54,-2.28,-4.36,-5.98,-6.66,-6.9,-6.99,-7.08,-7.17,-7.26,-7.34,-7.42,-7.5,-7.58,-7.66,-7.73,-7.24,-6.09,-4.48,-5.84,2.88,6.85,7.53,10.03,11.35,11.62,11.63,11.63,11.64,11.64,11.64,11.63,11.62,11.61,11.59,11.57,11.54,11.52,11.48,11.45,11.41,11.37,11.32,11.28,11.22,11.17,11.11,11.05,10.98,10.91,10.84,10.76,10.69,10.6,10.52,10.43,1.25,-0.96,-2.03,-3.13,-3.85,-4.1,-4.13,-4.1,-4.05,-3.99,-3.99,-3.95,-3.92,-3.89,-3.88,-3.87,-3.81,-3.7
9.34,9.46,9.58,9.69,9.8,9.91,10.01,10.12,9.95,8.43,6.65,4.33,2.23,0.26,-1.84,-3.99,-3.79,-3.23,-3.76,-5.65,-4.1,2.09,-2.06,0.69,2.39,4.11,5.98,8.17,11.01,11.54,11.56,11.58,11.6,11.62,11.63,11.63,11.64,11.64,11.64,11.63,11.62,11.61,11.59,11.57,11.54,11.52,11.48,11.45,11.41,11.37,11.32,11.28,11.22,11.17,11.11,11.05,10.98,10.91,10.84,10.76,10.69,10.6,10.52,10.43,10.34,4.55,0.93,-1.58,-3.7,-4.0,-4.08,-4.02,-3.96,-3.88,-3.84,-3.83,-3.8,-3.79,-3.78,-3.78,-3.78,-3.7
9.34,9.46,9.58,9.69,9.8,9.91,10.01,10.12,10.21,10.31,10.4,10.49,10.29,9.21,7.92,4.96,5.13,5.93,5.94,6.91,9.42,10.15,10.53,10.7,11.36,11.4,11.44,11.47,11.51,11.54,11.56,11.58,11.6,11.62,11.63,11.63,11.64,11.64,11.64,11.63,11.62,11.61,11.59,11.57,11.54,11.52,11.48,11.45,11.41,11.37,11.32,11.28,11.22,11.17,11.11,11.05,10.98,10.91,10.84,10.76,10.69,10.6,10.52,10.43,10.34,10.24,5.53,1.65,-3.42,-3.68,-3.96,-3.92,-3.87,-3.8,-3.73,-3.7,-3.68,-3.67,-3.67,-3.66,-3.65,-3.66
9.34,9.46,9.58,9.69,9.8,9.91,10.01,10.12,10.21,10.31,10.4,10.49,10.58,10.66,10.74,10.82,10.89,10.96,11.03,11.09,11.15,11.21,11.26,11.31,11.36,11.4,11.44,11.47,11.51,11.54,11.56,11.58,11.6,11.62,11.63,11.63,11.64,11.64,11.64,11.63,11.62,11.61,11.59,11.57,11.54,11.52,11.48,11.45,11.41,11.37,11.32,11.28,11.22,11.17,11.11,11.05,10.98,10.91,10.84,10.76,10.69,10.6,10.52,10.43,10.34,10.24,9.31,5.18,1.68,-2.78,-3.45,-3.23,-3.35,-3.58,-3.61,-3.55,-3.55,-3.56,-3.55,-3.53,-3.51,-3.51
9.34,9.46,9.58,9.69,9.8,9.91,10.01,10.12,10.21,10.31,10.4,10.49,10.58,10.66,10.74,10.82,10.89,10.96,11.03,11.09,11.15,11.21,11.26,11.31,11.36,11.4,11.44,11.47,11.51,11.54,11.56,11.58,11.6,11.62,11.63,11.63,11.64,11.64,11.64,11.63,11.62,11.61,11.59,11.57,11.54,11.52,11.48,11.45,11.41,11.37,11.32,11.28,11.22,11.17,11.11,11.05,10.98,10.91,10.84,10.76,10.69,10.6,10.52,10.43,10.34,10.24,10.14,9.08,2.4,2.7,0.23,-2.22,-2.69,-2.84,-3.23,-3.31,-3.38,-3.44,-3.43,-3.4,-3.37,-3.36
9.34,9.46,9.58,9.69,9.8,9.91,10.01,10.12,10.21,10.31,10.4,10.49,10.58,10.66,10.74,10.82,10.89,10.96,11.03,11.09,11.15,11.21,11.26,11.31,11.36,11.4,11.44,11.47,11.51,11.54,11.56,11.58,11.6,11.62,11.63,11.63,11.64,11.64,11.64,11.63,11.62,11.61,11.59,11.57,11.54,11.52,11.48,11.45,11.41,11.37,11.32,11.28,11.22,11.17,11.11,11.05,10.98,10.91,10.84,10.76,10.69,10.6,10.52,10.43,10.34,10.24,10.14,4.75,4.26,3.76,2.93,0.91,-1.48,-2.48,-2.97,-3.13,-3.28,-3.36,-3.34,-3.32,-3.29,-3.26
9.34,9.46,9.58,9.69,9.8,9.91,10.01,10.12,10.21,10.31,10.4,10.49,10.58,10.66,10.74,10.82,10.89,10.96,11.03,11.09,11.15,11.21,11.26,11.31,11.36,11.4,11.44,11.47,11.51,11.54,11.56,11.58,11.6,11.62,11.63,11.63,11.64,11.64,11.64,11.63,11.62,11.61,11.59,11.57,11.54,11.52,11.48,11.45,11.41,11.37,11.32,11.28,11.22,11.17,11.11,11.05,10.98,10.91,10.84,10.76,10.69,10.6,10.52,10.43,10.34,10.24,10.14,4.75,4.26,3.76,3.23,2.19,-1.04,-2.18,-2.61,-3.03,-3.2,-3.27,-3.27,-3.26,-3.25,-3.23
9.34,9.46,9.58,9.69,9.8,9.91,10.01,10.12,10.21,10.31,10.4,10.49,10.58,10.66,10.74,10.82,10.89,10.96,11.03,11.09,11.15,11.21,11.26,11.31,11.36,11.4,11.44,11.47,11.51,11.54,11.56,11.58,11.6,11.62,11.63,11.63,11.64,11.64,11.64,11.63,11.62,11.61,11.59,11.57,11.54,11.52,11.48,11.45,11.41,11.37,11.32,11.28,11.22,11.17,11.11,11.05,10.98,10.91,10.84,10.76,10.69,10.6,10.52,10.43,10.34,10.24,7.7,4.75,4.26,3.76,3.26,2.35,-0.94,-1.69,-2.51,-2.89,-3.11,-3.19,-3.22,-3.23,-3.23,-3.23
9.34,9.46,9.58,9.69,9.8,9.91,10.01,10.12,10.21,10.31,10.4,10.49,10.58,10.66,10.74,10.82,10.89,10.96,11.03,11.09,11.15,11.21,11.26,11.31,11.36,11.4,11.44,11.47,11.51,11.54,11.56,11.58,11.6,11.62,11.63,11.63,11.64,11.64,11.64,11.63,11.62,11.61,11.59,11.57,11.54,11.52,11.48,11.45,11.41,11.37,11.32,11.28,11.22,11.17,11.11,11.05,10.98,10.91,10.84,10.76,10.69,10.6,10.52,10.43,10.34,10.24,5.25,4.75,4.26,3.76,3.26,2.43,-1.2,-1.71,-2.39,-2.83,-2.99,-3.09,-3.17,-3.2,-3.21,-3.22
9.34,9.46,9.58,9.69,9.8,9.91,10.01,10.12,10.21,10.31,10.4,10.49,10.58,10.66,10.74,10.82,10.89,10.96,11.03,11.09,11.15,11.21,11.26,11.31,11.36,11.4,11.44,11.47,11.51,11.54,11.56,11.58,11.6,11.62,11.63,11.63,11.64,11.64,11.64,11.63,11.62,11.61,11.59,11.57,11.54,11.52,11.48,11.45,11.41,11.37,11.32,11.28,11.22,11.17,11.11,11.05,10.98,10.91,10.84,10.76,10.69,10.6,10.52,10.43,10.34,10.24,10.14,7.4,4.26,3.76,3.26,2.41,-1.26,-1.88,-2.38,-2.67,-2.86,-3.02,-3.11,-3.17,-3.16,-3.21
9.34,9.46,9.58,9.69,9.8,9.91,10.01,10.12,10.21,10.31,10.4,10.49,10.58,10.66,10.74,10.82,10.89,10.96,11.03,11.09,11.15,11.21,11.26,11.31,11.36,11.4,11.44,11.47,11.51,11.54,11.56,11.58,11.6,11.62,11.63,11.63,11.64,11.64,11.64,11.63,11.62,11.61,11.59,11.57,11.54,11.52,11.48,11.45,11.41,11.37,11.32,11.28,11.22,11.17,11.11,11.05,10.98,10.91,10.84,10.76,10.69,10.6,10.52,10.43,10.34,10.24,10.14,10.04,9.94,9.83,4.11,1.91,-0.98,-1.63,-2.15,-2.47,-2.73,-2.95,-3.08,-3.14,-3.17,-3.18
9.34,9.46,9.58,9.69,9.8,9.91,10.01,10.12,10.21,10.31,10.4,10.49,10.58,10.66,10.74,10.82,10.89,10.96,11.03,11.09,11.15,11.21,11.26,11.31,11.36,11.4,11.44,11.47,11.51,11.54,11.56,11.58,11.6,11.62,11.63,11.63,11.64,11.64,11.64,11.63,11.62,11.61,11.59,11.57,11.54,11.52,11.48,11.45,11.41,11.37,11.32,11.28,11.22,11.17,11.11,11.05,10.98,10.91,10.84,10.76,10.69,10.6,10.52,10.43,10.34,10.24,10.14,10.04,9.94,9.88,8.15,3.08,-0.65,-1.45,-2.03,-2.36,-2.63,-2.88,-3.07,-3.14,-3.17,-3.18
9.34,9.46,9.58,9.69,9.8,9.91,10.01,10.12,10.21,10.31,10.4,10.49,10.58,10.66,10.74,10.82,10.89,10.96,11.03,11.09,11.15,11.21,11.26,11.31,11.36,11.4,11.44,11.47,11.51,11.54,11.56,11.58,11.6,11.62,11.63,11.63,11.64,11.64,11.64,11.63,11.62,11.61,11.59,11.57,11.54,11.52,11.48,11.45,11.41,11.37,11.32,11.28,11.22,11.17,11.11,11.05,10.98,10.91,10.84,10.76,10.69,10.6,10.52,10.43,10.34,10.24,10.14,10.04,9.94,9.82,9.02,6.56,0.41,-1.39,-1.94,-2.18,-2.4,-2.77,-3.04,-3.16,-3.16,-3.16
9.34,9.46,9.58,9.69,9.8,9.91,10.01,10.12,10.21,10.31,10.4,10.49,10.58,10.66,10.74,10.82,10.89,10.96,11.03,11.09,11.15,11.21,11.26,11.31,11.36,11.4,11.44,11.47,11.51,11.54,11.56,11.58,11.6,11.62,11.63,11.63,11.64,11.64,11.64,11.63,11.62,11.61,11.59,11.57,11.54,11.52,11.48,11.45,11.41,11.37,11.32,11.28,11.22,11.17,11.11,11.05,10.98,10.91,10.84,10.76,10.69,10.6,10.52,10.43,10.34,10.24,10.14,10.04,9.94,9.83,9.72,9.26,5.19,-1.56,-1.61,-1.58,-2.1,-2.57,-2.95,-3.18,-3.18,-3.12
9.34,9.46,9.58,9.69,9.8,9.91,10.01,10.12,10.21,10.31,10.4,10.49,10.58,10.66,10.74,10.82,10.89,10.96,11.03,11.09,11.15,11.21,11.26,11.31,11.36,11.4,11.44,11.47,11.51,11.54,11.56,11.58,11.6,11.62,11.63,11.63,11.64,11.64,11.64,11.63,11.62,11.61,11.59,11.57,11.54,11.52,11.48,11.45,11.41,11.37,11.32,11.28,11.22,11.17,11.11,11.05,10.98,10.91,10.84,10.76,10.69,10.6,10.52,10.43,10.34,10.24,10.14,10.04,9.94,9.83,9.72,9.61,8.66,1.85,-1.61,-1.35,-1.33,-1.92,-2.84,-3.14,-3.16,-3.12
9.34,9.46,9.58,9.69,9.8,9.91,10.01,10.12,10.21,10.31,10.4,10.49,10.58,10.66,10.74,10.82,10.89,10.96,11.03,11.09,11.15,11.21,11.26,11.31,11.36,11.4,11.44,11.47,11.51,11.54,11.56,11.58,11.6,11.62,11.63,11.63,11.64,11.64,11.64,11.63,11.62,11.61,11.59,11.57,11.54,11.52,11.48,11.45,11.41,11.37,11.32,11.28,11.22,11.17,11.11,11.05,10.98,10.91,10.84,10.76,10.69,10.6,10.52,10.43,10.34,10.24,10.14,10.04,9.94,9.83,9.72,9.61,9.49,8.06,0.66,-1.09,-0.93,-0.59,-2.45,-3.09,-3.1,-3.05
9.34,9.46,9.58,9.69,9.8,9.91,10.01,10.12,10.21,10.31,10.4,10.49,10.58,10.66,10.74,10.82,10.89,10.96,11.03,11.09,11.15,11.21,11.26,11.31,11.36,11.4,11.44,11.47,11.51,11.54,11.56,11.58,11.6,11.62,11.63,11.63,11.64,11.64,11.64,11.63,11.62,11.61,11.59,11.57,11.54,11.52,11.48,11.45,11.41,11.37,11.32,11.28,11.22,11.17,11.11,11.05,10.98,10.91,10.84,10.76,10.69,10.6,10.52,10.43,10.34,10.24,10.14,10.04,9.94,9.83,9.72,9.61,9.49,9.32,7.05,0.19,-0.63,-0.69,-1.55,-2.81,-3.01,-2.97
9.34,9.46,9.58,9.69,9.8,9.91,10.01,10.12,10.21,10.31,10.4,10.49,10.58,10.66,10.74,10.82,10.89,10.96,11.03,11.09,11.15,11.21,11.26,11.31,11.36,11.4,11.44,11.47,11.51,11.54,11.56,11.58,11.6,11.62,11.63,11.63,11.64,11.64,11.64,11.63,11.62,11.61,11.59,11.57,11.54,11.52,11.48,11.45,11.41,11.37,11.32,11.28,11.22,11.17,11.11,11.05,10.98,10.91,10.84,10.76,10.69,10.6,10.52,10.43,10.34,10.24,10.14,10.04,9.94,9.83,9.72,9.61,9.49,9.37,8.95,7.0,0.56,-0.15,-0.39,-1.96,-2.88,-2.96
9.34,9.46,9.58,9.69,9.8,9.91,10.01,10.12,10.21,10.31,10.4,10.49,10.58,10.66,10.74,10.82,10.89,10.96,11.03,11.09,11.15,11.21,11.26,11.31,11.36,11.4,11.44,11.47,11.51,11.54,11.56,11.58,11.6,11.62,11.63,11.63,11.64,11.64,11.64,11.63,11.62,11.61,11.59,11.57,11.54,11.52,11.48,11.45,11.41,11.37,11.32,11.28,11.22,11.17,11.11,11.05,10.98,10.91,10.84,10.76,10.69,10.6,10.52,10.43,10.34,10.24,10.14,10.04,9.94,9.83,9.72,9.61,9.49,9.37,9.25,8.6,6.2,2.1,1.26,-0.37,-2.87,-2.91
9.34,9.46,9.58,9.69,9.8,9.91,10.01,10.12,10.21,10.31,10.4,10.49,10.58,10.66,10.74,10.82,10.89,10.96,11.03,11.09,11.15,11.21,11.26,11.31,11.36,11.4,11.44,11.47,11.51,11.54,11.56,11.58,11.6,11.62,11.63,11.63,11.64,11.64,11.64,11.63,11.62,11.61,11.59,11.57,11.54,11.52,11.48,11.45,11.41,11.37,11.32,11.28,11.22,11.17,11.11,11.05,10.98,10.91,10.84,10.76,10.69,10.6,10.52,10.43,10.34,10.24,10.14,10.04,9.94,9.83,9.72,9.61,9.49,9.37,9.25,9.07,8.06,6.9,4.87,2.78,-1.54,-2.81
9.34,9.46,9.58,9.69,9.8,9.91,10.01,10.12,10.21,10.31,10.4,10.49,10.58,10.66,10.74,10.82,10.89,10.96,11.03,11.09,11.15,11.21,11.26,11.31,11.36,11.4,11.44,11.47,11.51,11.54,11.56,11.58,11.6,11.62,11.63,11.63,11.64,11.64,11.64,11.63,11.62,11.61,11.59,11.57,11.54,11.52,11.48,11.45,11.41,11.37,11.32,11.28,11.22,11.17,11.11,11.05,10.98,10.91,10.84,10.76,10.69,10.6,10.52,10.43,10.34,10.24,10.14,10.04,9.94,9.83,9.72,9.61,9.49,9.37,9.25,9.13,8.86,7.85,7.21,5.92,4.56,-1.78
9.34,9.46,9.58,9.69,9.8,9.91,10.01,10.12,10.21,10.31,10.4,10.49,10.58,10.66,10.74,10.82,10.89,10.96,11.03,11.09,11.15,11.21,11.26,11.31,11.36,11.4,11.44,11.47,11.51,11.54,11.56,11.58,11.6,11.62,11.63,11.63,11.64,11.64,11.64,11.63,11.62,11.61,11.59,11.57,11.54,11.52,11.48,11.45,11.41,11.37,11.32,11.28,11.22,11.17,11.11,11.05,10.98,10.91,10.84,10.76,10.69,10.6,10.52,10.43,10.34,10.24,10.14,10.04,9.94,9.83,9.72,9.61,9.49,9.37,9.25,9.13,9.0,7.86,7.7,7.12,6.65,4.07
9.34,9.46,9.58,9.69,9.8,9.91,10.01,10.12,10.21,10.31,10.4,10.49,10.58,10.66,10.74,10.82,10.89,10.96,11.03,11.09,11.15,11.21,11.26,11.31,11.36,11.4,11.44,11.47,11.51,11.54,11.56,11.58,11.6,11.62,11.63,11.63,11.64,11.64,11.64,11.63,11.62,11.61,11.59,11.57,11.54,11.52,11.48,11.45,11.41,11.37,11.32,11.28,11.22,11.17,11.11,11.05,10.98,10.91,10.84,10.76,10.69,10.6,10.52,10.43,10.34,10.24,10.14,10.04,9.94,9.83,9.72,9.61,9.49,9.37,9.25,9.13,9.0,8.87,8.23,7.58,7.37,6.56
9.34,9.46,9.58,9.69,9.8,9.91,10.01,10.12,10.21,10.31,10.4,10.49,10.58,10.66,10.74,10.82,10.89,10.96,11.03,11.09,11.15,11.21,11.26,11.31,11.36,11.4,11.44,11.47,11.51,11.54,11.56,11.58,11.6,11.62,11.63,11.63,11.64,11.64,11.64,11.63,11.62,11.61,11.59,11.57,11.54,11.52,11.48,11.45,11.41,11.37,11.32,11.28,11.22,11.17,11.11,11.05,10.98,10.91,10.84,10.76,10.69,10.6,10.52,10.43,10.34,10.24,10.14,10.04,9.94,9.83,9.72,9.61,9.49,9.37,9.25,9.13,9.0,8.87,8.74,8.09,7.44,7.29
9.34,9.46,9.58,9.69,9.8,9.91,10.01,10.12,10.21,10.31,10.4,10.49,10.58,10.66,10.74,10.82,10.89,10.96,11.03,11.09,11.15,11.21,11.26,11.31,11.36,11.4,11.44,11.47,11.51,11.54,11.56,11.58,11.6,11.62,11.63,11.63,11.64,11.64,11.64,11.63,11.62,11.61,11.59,11.57,11.54,11.52,11.48,11.45,11.41,11.37,11.32,11.28,11.22,11.17,11.11,11.05,10.98,10.91,10.84,10.76,10.69,10.6,10.52,10.43,10.34,10.24,10.14,10.04,9.94,9.83,9.72,9.61,9.49,9.37,9.25,9.13,9.0,8.87,8.74,8.6,7.44,7.29
9.34,9.46,9.58,9.69,9.8,9.91,10.01,10.12,10.21,10.31,10.4,10.49,10.58,10.66,10.74,10.82,10.89,10.96,11.03,11.09,11.15,11.21,11.26,11.31,11.36,11.4,11.44,11.47,11.51,11.54,11.56,11.58,11.6,11.62,11.63,11.63,11.64,11.64,11.64,11.63,11.62,11.61,11.59,11.57,11.54,11.52,11.48,11.45,11.41,11.37,11.32,11.28,11.22,11.17,11.11,11.05,10.98,10.91,10.84,10.76,10.69,10.6,10.52,10.43,10.34,10.24,10.14,10.04,9.94,9.83,9.72,9.61,9.49,9.37,9.25,9.13,9.0,8.87,8.74,8.6,8.46,7.29
9.34,9.46,9.58,9.69,9.8,9.91,10.01,10.12,10.21,10.31,10.4,10.49,10.58,10.66,10.74,10.82,10.89,10.96,11.03,11.09,11.15,11.21,11.26,11.31,11.36,11.4,11.44,11.47,11.51,11.54,11.56,11.58,11.6,11.62,11.63,11.63,11.64,11.64,11.64,11.63,11.62,11.61,11.59,11.57,11.54,11.52,11.48,11.45,11.41,11.37,11.32,11.28,11.22,11.17,11.11,11.05,10.98,10.91,10.84,10.76,10.69,10.6,10.52,10.43,10.34,10.24,10.14,10.04,9.94,9.83,9.72,9.61,9.49,9.37,9.25,9.13,9.0,8.87,8.74,8.6,8.46,8.32
9.34,9.46,9.58,9.69,9.8,9.91,10.01,10.12,10.21,10.31,10.4,10.49,10.58,10.66,10.74,10.82,10.89,10.96,11.03,11.09,11.15,11.21,11.26,11.31,11.36,11.4,11.44,11.47,11.51,11.54,11.56,11.58,11.6,11.62,11.63,11.63,11.64,11.64,11.64,11.63,11.62,11.61,11.59,11.57,11.54,11.52,11.48,11.45,11.41,11.37,11.32,11.28,11.22,11.17,11.11,11.05,10.98,10.91,10.84,10.76,10.69,10.6,10.52,10.43,10.34,10.24,10.14,10.04,9.94,9.83,9.72,9.61,9.49,9.37,9.25,9.13,9.0,8.87,8.74,8.6,8.46,8.32
9.34,9.46,9.58,9.69,9.8,9.91,10.01,10.12,10.21,10.31,10.4,10.49,10.58,10.66,10.74,10.82,10.89,10.96,11.03,11.09,11.15,11.21,11.26,11.31,11.36,11.4,11.44,11.47,11.51,11.54,11.56,11.58,11.6,11.62,11.63,11.63,11.64,11.64,11.64,11.63,11.62,11.61,11.59,11.57,11.54,11.52,11.48,11.45,11.41,11.37,11.32,11.28,11.22,11.17,11.11,11.05,10.98,10.91,10.84,10.76,10.69,10.6,10.52,10.43,10.34,10.24,10.14,10.04,9.94,9.83,9.72,9.61,9.49,9.37,9.25,9.13,9.0,8.87,8.74,8.6,8.46,8.32
9.34,9.46,9.58,9.69,9.8,9.91,10.01,10.12,10.21,10.31,10.4,10.49,10.58,10.66,10.74,10.82,10.89,10.96,11.03,11.09,11.15,11.21,11.26,11.31,11.36,11.4,11.44,11.47,11.51,11.54,11.56,11.58,11.6,11.62,11.63,11.63,11.64,11.64,11.64,11.63,11.62,11.61,11.59,11.57,11.54,11.52,11.48,11.45,11.41,11.37,11.32,11.28,11.22,11.17,11.11,11.05,10.98,10.91,10.84,10.76,10.69,10.6,10.52,10.43,10.34,10.24,10.14,10.04,9.94,9.83,9.72,9.61,9.49,9.37,9.25,9.13,9.0,8.87,8.74,8.6,8.46,8.32
9.34,9.46,9.58,9.69,9.8,9.91,10.01,10.12,10.21,10.31,10.4,10.49,10.58,10.66,10.74,10.82,10.89,10.96,11.03,11.09,11.15,11.21,11.26,11.31,11.36,11.4,11.44,11.47,11.51,11.54,11.56,11.58,11.6,11.62,11.63,11.63,11.64,11.64,11.64,11.63,11.62,11.61,11.59,11.57,11.54,11.52,11.48,11.45,11.41,11.37,11.32,11.28,11.22,11.17,11.11,11.05,10.98,10.91,10.84,10.76,10.69,10.6,10.52,10.43,10.34,10.24,10.14,10.04,9.94,9.83,9.72,9.61,9.49,9.37,9.25,9.13,9.0,8.87,8.74,8.6,8.46,8.32
9.34,9.46,9.58,9.69,9.8,9.91,10.01,10.12,10.21,10.31,10.4,10.49,10.58,10.66,10.74,10.82,10.89,10.96,11.03,11.09,11.15,11.21,11.26,11.31,11.36,11.4,11.44,11.47,11.51,11.54,11.56,11.58,11.6,11.62,11.63,11.63,11.64,11.64,11.64,11.63,11.62,11.61,11.59,11.57,11.54,11.52,11.48,11.45,11.41,11.37,11.32,11.28,11.22,11.17,11.11,11.05,10.98,10.91,10.84,10.76,10.69,10.6,10.52,10.43,10.34,10.24,10.14,10.04,9.94,9.83,9.72,9.61,9.49,9.37,9.25,9.13,9.0,8.87,8.74,8.6,8.46,8.32
9.34,9.46,9.58,9.69,9.8,9.91,10.01,10.12,10.21,10.31,10.4,10.49,10.58,10.66,10.74,10.82,10.89,10.96,11.03,11.09,11.15,11.21,11.26,11.31,11.36,11.4,11.44,11.47,11.51,11.54,11.56,11.58,11.6,11.62,11.63,11.63,11.64,11.64,11.64,11.63,11.62,11.61,11.59,11.57,11.54,11.52,11.48,11.45,11.41,11.37,11.32,11.28,11.22,11.17,11.11,11.05,10.98,10.91,10.84,10.76,10.69,10.6,10.52,10.43,10.34,10.24,10.14,10.04,9.94,9.83,9.72,9.61,9.49,9.37,9.25,9.13,9.0,8.87,8.74,8.6,8.46,8.32
9.34,9.46,9.58,9.69,9.8,9.91,10.01,10.12,10.21,10.31,10.4,10.49,10.58,10.66,10.74,10.82,10.89,10.96,11.03,11.09,11.15,11.21,11.26,11.31,11.36,11.4,11.44,11.47,11.51,11.54,11.56,11.58,11.6,11.62,11.63,11.63,11.64,11.64,11.64,11.63,11.62,11.61,11.59,11.57,11.54,11.52,11.48,11.45,11.41,11.37,11.32,11.28,11.22,11.17,11.11,11.05,10.98,10.91,10.84,10.76,10.69,10.6,10.52,10.43,10.34,10.24,10.14,10.04,9.94,9.83,9.72,9.61,9.49,9.37,9.25,9.13,9.0,8.87,8.74,8.6,8.46,8.32
9.34,9.46,9.58,9.69,9.8,9.91,10.01,10.12,10.21,10.31,10.4,10.49,10.58,10.66,10.74,10.82,10.89,10.96,11.03,11.09,11.15,11.21,11.26,11.31,11.36,11.4,11.44,11.47,11.51,11.54,11.56,11.58,11.6,11.62,11.63,11.63,11.64,11.64,11.64,11.63,11.62,11.61,11.59,11.57,11.54,11.52,11.48,11.45,11.41,11.37,11.32,11.28,11.22,11.17,11.11,11.05,10.98,10.91,10.84,10.76,10.69,10.6,10.52,10.43,10.34,10.24,10.14,10.04,9.94,9.83,9.72,9.61,9.49,9.37,9.25,9.13,9.0,8.87,8.74,8.6,8.46,8.32
9.34,9.46,9.58,9.69,9.8,9.91,10.01,10.12,10.21,10.31,10.4,10.49,10.58,10.66,10.74,10.82,10.89,10.96,11.03,11.09,11.15,11.21,11.26,11.31,11.36,11.4,11.44,11.47,11.51,11.54,11.56,11.58,11.6,11.62,11.63,11.63,11.64,11.64,11.64,11.63,11.62,11.61,11.59,11.57,11.54,11.52,11.48,11.45,11.41,11.37,11.32,11.28,11.22,11.17,11.11,11.05,10.98,10.91,10.84,10.76,10.69,10.6,10.52,10.43,10.34,10.24,10.14,10.04,9.94,9.83,9.72,9.61,9.49,9.37,9.25,9.13,9.0,8.87,8.74,8.6,8.46,8.32
9.34,9.46,9.58,9.69,9.8,9.91,10.01,10.12,10.21,10.31,10.4,10.49,10.58,10.66,10.74,10.82,10.89,10.96,11.03,11.09,11.15,11.21,11.26,11.31,11.36,11.4,11.44,11.47,11.51,11.54,11.56,11.58,11.6,11.62,11.63,11.63,11.64,11.64,11.64,11.63,11.62,11.61,11.59,11.57,11.54,11.52,11.48,11.45,11.41,11.37,11.32,11.28,11.22,11.17,11.11,11.05,10.98,10.91,10.84,10.76,10.69,10.6,10.52,10.43,10.34,10.24,10.14,10.04,9.94,9.83,9.72,9.61,9.49,9.37,9.25,9.13,9.0,8.87,8.74,8.6,8.46,8.32
